# Matter power spectrum P(k) at redshift z=0
# for k=1.04206e-05 to 5.30492 h/Mpc,
# number of wavenumbers equal to 556
#    1:k (h/Mpc)              2:P (Mpc/h)^3        
       1.042057218184e-05       4.833539085638e+01 
       2.326965112994e-05       1.050302373180e+02 
       3.616368418034e-05       1.608011056159e+02 
       4.913719193480e-05       2.162201502368e+02 
       6.222526308808e-05       2.716170098940e+02 
       7.546386576344e-05       3.272411745247e+02 
       8.889016875518e-05       3.833075845180e+02 
       1.025428769313e-04       4.400153658192e+02 
       1.164625850822e-04       4.975574615933e+02 
       1.306921545348e-04       5.561265139640e+02 
       1.452771168578e-04       6.159189684145e+02 
       1.602661089286e-04       6.771383068509e+02 
       1.757113434590e-04       7.399978195305e+02 
       1.916691187203e-04       8.047231637349e+02 
       2.082003705715e-04       8.715548234431e+02 
       2.253712688491e-04       9.407505586042e+02 
       2.432538585641e-04       1.012587869117e+03 
       2.619267439530e-04       1.087366493499e+03 
       2.814758099843e-04       1.165410921339e+03 
       3.019949711088e-04       1.247072893016e+03 
       3.235869304925e-04       1.332733768096e+03 
       3.463639242877e-04       1.422806735921e+03 
       3.704484143167e-04       1.517738624528e+03 
       3.959736785986e-04       1.618011151983e+03 
       4.230842324495e-04       1.724141327894e+03 
       4.519359939257e-04       1.836680668205e+03 
       4.826960874217e-04       1.956212812833e+03 
       5.155421607080e-04       2.083349085364e+03 
       5.506610775242e-04       2.218721500967e+03 
       5.882468456576e-04       2.362972753273e+03 
       6.284976563937e-04       2.516742808042e+03 
       6.716119530946e-04       2.680651927153e+03 
       7.177835209098e-04       2.855280276653e+03 
       7.671956984077e-04       3.041144700530e+03 
       8.200149493820e-04       3.238673780650e+03 
       8.763841823298e-04       3.448182852181e+03 
       9.364163376910e-04       3.669851080894e+03 
       1.000188843120e-03       3.903702960551e+03 
       1.067739531294e-03       4.149596434142e+03 
       1.139064504489e-03       4.407219382298e+03 
       1.214118222770e-03       4.676095286122e+03 
       1.292815824085e-03       4.955597799553e+03 
       1.375037411211e-03       5.244950050884e+03 
       1.460633820754e-03       5.543294256819e+03 
       1.549433265394e-03       5.849726715905e+03 
       1.641248225604e-03       6.163280918237e+03 
       1.735882045929e-03       6.482976884910e+03 
       1.833134829652e-03       6.807844822207e+03 
       1.932808385381e-03       7.136944315186e+03 
       2.034710127534e-03       7.469378920601e+03 
       2.138655950016e-03       7.804306449006e+03 
       2.244472171370e-03       8.140945386237e+03 
       2.351996692680e-03       8.478577972968e+03 
       2.461079523784e-03       8.816550686786e+03 
       2.571582828056e-03       9.154272811499e+03 
       2.683380619173e-03       9.491213663145e+03 
       2.796358221359e-03       9.826899018578e+03 
       2.910411581825e-03       1.016090708922e+04 
       3.025446503116e-03       1.049286424879e+04 
       3.141377844999e-03       1.082244074294e+04 
       3.258128730790e-03       1.114934651078e+04 
       3.375629781505e-03       1.147332745239e+04 
       3.493818392485e-03       1.179416129443e+04 
       3.612638060755e-03       1.211165512242e+04 
       3.732037766814e-03       1.242564133187e+04 
       3.851971411454e-03       1.273597588441e+04 
       3.972397306111e-03       1.304253508412e+04 
       4.093277713990e-03       1.334521362957e+04 
       4.214578438467e-03       1.364392261629e+04 
       4.336268454921e-03       1.393858759533e+04 
       4.458319582072e-03       1.422914700041e+04 
       4.580706188991e-03       1.451555054002e+04 
       4.703404934129e-03       1.479775292613e+04 
       4.826394532960e-03       1.507568103186e+04 
       4.949655551135e-03       1.534941299564e+04 
       5.073170220304e-03       1.561884827054e+04 
       5.196922274055e-03       1.588399940446e+04 
       5.320896801695e-03       1.614489606330e+04 
       5.445080117829e-03       1.640154114395e+04 
       5.569459645937e-03       1.665388050399e+04 
       5.694023814342e-03       1.690118524614e+04 
       5.818761963164e-03       1.714496663084e+04 
       5.943664260997e-03       1.738448075113e+04 
       6.068721630219e-03       1.761970474218e+04 
       6.193925679956e-03       1.785077902386e+04 
       6.319268645850e-03       1.807780759871e+04 
       6.444743335863e-03       1.830082778098e+04 
       6.570343081469e-03       1.851917361852e+04 
       6.696061693630e-03       1.873347539938e+04 
       6.821893423043e-03       1.894361395594e+04 
       6.947832924206e-03       1.914975507993e+04 
       7.073875222885e-03       1.935184212331e+04 
       7.200015686637e-03       1.954985282776e+04 
       7.326249998058e-03       1.974386477278e+04 
       7.452574130483e-03       1.993375078029e+04 
       7.578984325892e-03       2.011988943438e+04 
       7.705477074781e-03       2.030261105710e+04 
       7.832049097827e-03       2.048091597277e+04 
       7.958697329148e-03       2.065535713622e+04 
       8.085418901014e-03       2.082598339622e+04 
       8.212211129865e-03       2.099287804355e+04 
       8.339071503515e-03       2.115600756555e+04 
       8.465997669418e-03       2.131542464027e+04 
       8.592987423914e-03       2.147116481920e+04 
       8.720038702352e-03       2.162327141110e+04 
       8.847149570010e-03       2.177177429074e+04 
       8.974318213752e-03       2.191667671093e+04 
       9.101542934336e-03       2.205808241602e+04 
       9.228822139338e-03       2.219599986124e+04 
       9.356154336615e-03       2.233045305059e+04 
       9.483538128286e-03       2.246150422332e+04 
       9.610972205158e-03       2.258918106953e+04 
       9.738455341587e-03       2.271355457048e+04 
       9.865986390716e-03       2.283452198476e+04 
       9.993564280075e-03       2.295234147193e+04 
       1.012118800750e-02       2.306679220601e+04 
       1.024885663735e-02       2.317810788895e+04 
       1.037656929700e-02       2.328634975819e+04 
       1.050432517362e-02       2.339138863663e+04 
       1.063212351112e-02       2.349328216853e+04 
       1.075996360736e-02       2.359226104294e+04 
       1.088784481154e-02       2.368809099498e+04 
       1.101576652183e-02       2.378099461376e+04 
       1.114372818303e-02       2.387096600487e+04 
       1.127172928459e-02       2.395802740710e+04 
       1.139976935856e-02       2.404220735504e+04 
       1.152784797787e-02       2.412354386801e+04 
       1.165596475459e-02       2.420207685185e+04 
       1.178411933838e-02       2.427784264830e+04 
       1.191231141505e-02       2.435085898158e+04 
       1.204054070520e-02       2.442124052697e+04 
       1.216880696294e-02       2.448874765775e+04 
       1.229710997476e-02       2.455374240387e+04 
       1.242544955839e-02       2.461609398849e+04 
       1.255382556183e-02       2.467589260557e+04 
       1.268223786242e-02       2.473312637318e+04 
       1.281068636592e-02       2.478795258972e+04 
       1.293917100575e-02       2.484009694505e+04 
       1.306769174223e-02       2.488987738510e+04 
       1.319624856189e-02       2.493726450932e+04 
       1.332484147682e-02       2.498226995033e+04 
       1.345347052410e-02       2.502483755206e+04 
       1.358213576527e-02       2.506509762062e+04 
       1.371083728579e-02       2.510294583483e+04 
       1.383957519464e-02       2.513860498004e+04 
       1.396834962388e-02       2.517199067373e+04 
       1.409716072827e-02       2.520317030515e+04 
       1.422600868495e-02       2.523216508719e+04 
       1.435489369312e-02       2.525896472731e+04 
       1.448381597375e-02       2.528370974138e+04 
       1.461277576940e-02       2.530625651809e+04 
       1.474177334394e-02       2.532668053461e+04 
       1.487080898239e-02       2.534513310410e+04 
       1.499988299079e-02       2.536153621723e+04 
       1.512899569603e-02       2.537596631969e+04 
       1.525814744577e-02       2.538839797485e+04 
       1.538733860835e-02       2.539891013382e+04 
       1.551656957274e-02       2.540751391287e+04 
       1.564584074848e-02       2.541419869971e+04 
       1.577515256571e-02       2.541907723971e+04 
       1.590450547513e-02       2.542210337681e+04 
       1.603389994806e-02       2.542344272723e+04 
       1.616333647650e-02       2.542282729323e+04 
       1.629281557314e-02       2.542059115429e+04 
       1.642233777151e-02       2.541660578881e+04 
       1.655190362604e-02       2.541097953590e+04 
       1.668151371224e-02       2.540299458199e+04 
       1.681116862675e-02       2.539461135175e+04 
       1.694086898759e-02       2.538399837415e+04 
       1.707061543430e-02       2.537189172749e+04 
       1.720040862812e-02       2.535812500980e+04 
       1.733024925222e-02       2.534289001885e+04 
       1.746013801191e-02       2.532603989126e+04 
       1.759007563492e-02       2.530775724751e+04 
       1.772006287162e-02       2.528796335057e+04 
       1.785010049533e-02       2.526599065407e+04 
       1.798018930257e-02       2.524348264234e+04 
       1.811033011343e-02       2.522013928108e+04 
       1.824052377186e-02       2.519471025580e+04 
       1.837077114602e-02       2.516723202879e+04 
       1.850107312864e-02       2.513932629402e+04 
       1.863143063739e-02       2.511057484009e+04 
       1.876184461532e-02       2.507994097682e+04 
       1.889231603120e-02       2.504739767895e+04 
       1.902284588001e-02       2.501471062409e+04 
       1.915343518335e-02       2.498039418500e+04 
       1.928408498992e-02       2.494401403713e+04 
       1.941479637601e-02       2.490689335142e+04 
       1.954557044598e-02       2.487019784662e+04 
       1.967640833279e-02       2.483106579710e+04 
       1.980731119854e-02       2.479084534901e+04 
       1.993828023503e-02       2.474964542640e+04 
       2.006931666432e-02       2.470672834193e+04 
       2.020042173937e-02       2.466313934170e+04 
       2.033159674457e-02       2.461967287406e+04 
       2.046284299649e-02       2.457426800817e+04 
       2.059416184446e-02       2.452787471155e+04 
       2.072555467126e-02       2.447945910327e+04 
       2.085702289386e-02       2.443137466097e+04 
       2.098856796412e-02       2.438285267747e+04 
       2.112019136953e-02       2.433196745077e+04 
       2.125189463402e-02       2.428071177174e+04 
       2.138367931871e-02       2.422883835478e+04 
       2.151554702278e-02       2.417605684019e+04 
       2.164749938428e-02       2.412247621084e+04 
       2.177953808105e-02       2.406817878548e+04 
       2.191166483158e-02       2.401294411795e+04 
       2.204388139596e-02       2.395688198665e+04 
       2.217618957687e-02       2.389999919165e+04 
       2.230859122051e-02       2.384259075800e+04 
       2.244108821769e-02       2.378427120965e+04 
       2.257368250484e-02       2.372524145711e+04 
       2.270637606510e-02       2.366566019599e+04 
       2.283917092947e-02       2.360575082479e+04 
       2.297206917795e-02       2.354432202029e+04 
       2.310507294071e-02       2.348336728409e+04 
       2.323818439939e-02       2.342102453322e+04 
       2.337140578826e-02       2.335758398135e+04 
       2.350473939566e-02       2.329386473773e+04 
       2.363818756524e-02       2.322999002541e+04 
       2.377175269741e-02       2.316532551476e+04 
       2.390543725077e-02       2.309991187830e+04 
       2.403924374359e-02       2.303416543865e+04 
       2.417317475535e-02       2.296801797433e+04 
       2.430723292830e-02       2.290126941576e+04 
       2.444142096913e-02       2.283465072389e+04 
       2.457574165060e-02       2.276614945595e+04 
       2.471019781335e-02       2.269793062545e+04 
       2.484479236763e-02       2.262928174973e+04 
       2.497952829521e-02       2.256032781886e+04 
       2.511440865126e-02       2.249062569332e+04 
       2.524943656635e-02       2.242067079846e+04 
       2.538461524850e-02       2.235062322488e+04 
       2.551994798528e-02       2.227981864718e+04 
       2.565543814603e-02       2.220867321842e+04 
       2.579108918407e-02       2.213697876152e+04 
       2.592690463912e-02       2.206530497531e+04 
       2.606288813961e-02       2.199305263071e+04 
       2.619904340530e-02       2.192120476568e+04 
       2.633537424979e-02       2.184791565316e+04 
       2.647188458323e-02       2.177476862617e+04 
       2.660857841510e-02       2.170147136893e+04 
       2.674545985708e-02       2.162781395785e+04 
       2.688253312601e-02       2.155432047261e+04 
       2.701980254701e-02       2.147977465610e+04 
       2.715727255664e-02       2.140574115762e+04 
       2.729494770623e-02       2.133109936375e+04 
       2.743283266532e-02       2.125595200767e+04 
       2.757093222518e-02       2.118144611592e+04 
       2.770925130257e-02       2.110565762441e+04 
       2.784779494349e-02       2.103038338514e+04 
       2.798656832723e-02       2.095466771896e+04 
       2.812557677044e-02       2.087882215545e+04 
       2.826482573144e-02       2.080288872301e+04 
       2.840432081466e-02       2.072678076495e+04 
       2.854406777528e-02       2.065058393960e+04 
       2.868407252398e-02       2.057420795190e+04 
       2.882434113201e-02       2.049768306591e+04 
       2.896487983631e-02       2.042112100009e+04 
       2.910569504495e-02       2.034441057171e+04 
       2.924679334273e-02       2.026758593704e+04 
       2.938818149703e-02       2.019099332770e+04 
       2.952986646388e-02       2.011369365886e+04 
       2.967185539433e-02       2.003699616594e+04 
       2.981415564100e-02       1.995950817508e+04 
       2.995677476503e-02       1.988237308353e+04 
       3.009972054318e-02       1.980512247914e+04 
       3.024300097534e-02       1.972785664128e+04 
       3.038662429235e-02       1.965088928767e+04 
       3.053059896410e-02       1.957348334340e+04 
       3.067493370806e-02       1.949582848136e+04 
       3.081963749812e-02       1.941848997163e+04 
       3.096471957392e-02       1.934110407068e+04 
       3.111018945048e-02       1.926400720329e+04 
       3.125605692835e-02       1.918669674730e+04 
       3.140233210423e-02       1.910923928790e+04 
       3.154902538202e-02       1.903163303494e+04 
       3.169614748446e-02       1.895427476829e+04 
       3.184370946525e-02       1.887695643383e+04 
       3.199172272184e-02       1.879978782475e+04 
       3.214019900872e-02       1.872243799443e+04 
       3.228915045143e-02       1.864537756663e+04 
       3.243858956127e-02       1.856823995757e+04 
       3.258852925070e-02       1.849110585748e+04 
       3.273898284951e-02       1.841396395447e+04 
       3.288996412182e-02       1.833690229106e+04 
       3.304148728400e-02       1.826012697421e+04 
       3.319356702338e-02       1.818326647260e+04 
       3.334621851809e-02       1.810640947847e+04 
       3.349945745785e-02       1.802952321924e+04 
       3.365330006589e-02       1.795285479394e+04 
       3.380776312205e-02       1.787629762104e+04 
       3.396286398716e-02       1.780000655374e+04 
       3.411862062869e-02       1.772365563272e+04 
       3.427505164792e-02       1.764719620344e+04 
       3.443217630858e-02       1.757100217950e+04 
       3.459001456709e-02       1.749502865548e+04 
       3.474858710462e-02       1.741883377019e+04 
       3.490791536095e-02       1.734293188570e+04 
       3.506802157032e-02       1.726723276599e+04 
       3.522892879944e-02       1.719149897377e+04 
       3.539066098777e-02       1.711591526412e+04 
       3.555324299027e-02       1.704043739669e+04 
       3.571670062275e-02       1.696506538371e+04 
       3.588106071006e-02       1.688975154738e+04 
       3.604635113735e-02       1.681465950291e+04 
       3.621260090458e-02       1.673966700182e+04 
       3.637984018453e-02       1.666487879887e+04 
       3.654810038465e-02       1.658990344679e+04 
       3.671741421304e-02       1.651526948398e+04 
       3.688781574877e-02       1.644073318768e+04 
       3.705934051709e-02       1.636617890746e+04 
       3.723202556976e-02       1.629195311431e+04 
       3.740590957106e-02       1.621753531957e+04 
       3.758103288980e-02       1.614346097651e+04 
       3.775743769808e-02       1.606956030396e+04 
       3.793516807712e-02       1.599545187015e+04 
       3.811427013100e-02       1.592175000091e+04 
       3.829479210887e-02       1.584804913858e+04 
       3.847678453647e-02       1.577455636947e+04 
       3.866030035785e-02       1.570104569148e+04 
       3.884539508812e-02       1.562781124342e+04 
       3.903212697838e-02       1.555445883570e+04 
       3.922055719398e-02       1.548122516562e+04 
       3.941075000738e-02       1.540812361487e+04 
       3.960277300709e-02       1.533512192611e+04 
       3.979669732427e-02       1.526232653292e+04 
       3.999259787885e-02       1.518951760930e+04 
       4.019055364715e-02       1.511662304579e+04 
       4.039064795330e-02       1.504411662339e+04 
       4.059296878701e-02       1.497134064250e+04 
       4.079760915056e-02       1.489854888271e+04 
       4.100466743828e-02       1.482605047615e+04 
       4.121424785216e-02       1.475370716932e+04 
       4.142646085781e-02       1.468133293918e+04 
       4.164142368538e-02       1.460915625189e+04 
       4.185926088097e-02       1.453662195082e+04 
       4.208010491456e-02       1.446429605694e+04 
       4.230409685146e-02       1.439204198629e+04 
       4.253138709533e-02       1.431966775192e+04 
       4.276213621205e-02       1.424756241791e+04 
       4.299651584490e-02       1.417505094913e+04 
       4.323470973345e-02       1.410269772456e+04 
       4.347691485024e-02       1.403031249628e+04 
       4.372334267176e-02       1.395786740422e+04 
       4.397422060285e-02       1.388534533717e+04 
       4.422979357686e-02       1.381273675024e+04 
       4.449032585785e-02       1.374008751094e+04 
       4.475610307540e-02       1.366749801066e+04 
       4.502743452858e-02       1.359443505967e+04 
       4.530465580159e-02       1.352123002344e+04 
       4.558813174228e-02       1.344813140769e+04 
       4.587825986394e-02       1.337468292621e+04 
       4.617547424299e-02       1.330097789184e+04 
       4.648024999931e-02       1.322725167238e+04 
       4.679310846423e-02       1.315297747816e+04 
       4.711462316277e-02       1.307822803998e+04 
       4.744542676414e-02       1.300365965269e+04 
       4.778621918842e-02       1.292835029996e+04 
       4.813777709956e-02       1.285238024876e+04 
       4.850096506784e-02       1.277646475899e+04 
       4.887674875209e-02       1.269946221163e+04 
       4.926621053593e-02       1.262213156655e+04 
       4.967056815983e-02       1.254408665370e+04 
       5.009119702683e-02       1.246539350808e+04 
       5.052965703316e-02       1.238577636406e+04 
       5.098772499628e-02       1.230506507153e+04 
       5.146743403472e-02       1.222369831071e+04 
       5.197112161103e-02       1.214107596893e+04 
       5.250148839893e-02       1.205672375658e+04 
       5.306167069287e-02       1.197099017013e+04 
       5.365532975062e-02       1.188335089048e+04 
       5.428676223272e-02       1.179316571590e+04 
       5.496103671004e-02       1.170058514797e+04 
       5.568416187268e-02       1.160483234109e+04 
       5.646329218021e-02       1.150571133031e+04 
       5.730697538212e-02       1.140138222441e+04 
       5.822544188970e-02       1.129177724739e+04 
       5.923092515488e-02       1.117511875447e+04 
       6.033797928108e-02       1.104843523187e+04 
       6.156371598616e-02       1.091094532612e+04 
       6.292780630626e-02       1.075765096272e+04 
       6.445197712657e-02       1.058376809507e+04 
       6.615860374566e-02       1.038388278240e+04 
       6.806796612803e-02       1.015080151124e+04 
       7.019404116873e-02       9.875830326940e+03 
       7.253961330897e-02       9.552825799583e+03 
       7.509278892469e-02       9.178469120015e+03 
       7.782744553760e-02       8.756006663568e+03 
       8.070834081806e-02       8.294827647362e+03 
       8.369850870412e-02       7.811859441631e+03 
       8.676533518017e-02       7.325957265009e+03 
       8.988341108387e-02       6.856556583564e+03 
       9.303459752038e-02       6.419619393772e+03 
       9.620668989419e-02       6.026912037555e+03 
       9.939178843373e-02       5.685233152410e+03 
       1.025849044428e-01       5.396392870837e+03 
       1.057829357846e-01       5.158022014559e+03 
       1.089839716760e-01       4.964499323372e+03 
       1.121868419100e-01       4.807500084816e+03 
       1.153908322588e-01       4.677823237390e+03 
       1.185955076262e-01       4.565580612284e+03 
       1.218006031962e-01       4.460870048273e+03 
       1.250059578175e-01       4.355538023486e+03 
       1.282114733753e-01       4.242822810368e+03 
       1.314170900648e-01       4.118230777640e+03 
       1.346227713601e-01       3.980705729952e+03 
       1.378284948827e-01       3.830893996520e+03 
       1.410342468575e-01       3.671422324722e+03 
       1.442400187453e-01       3.506704753763e+03 
       1.474458051990e-01       3.341616479440e+03 
       1.506516028211e-01       3.181430884484e+03 
       1.538574094093e-01       3.030517180710e+03 
       1.570632234977e-01       2.892350730214e+03 
       1.602690440766e-01       2.769312585279e+03 
       1.634748704227e-01       2.662217973329e+03 
       1.666807019945e-01       2.571013607203e+03 
       1.698865383682e-01       2.494207762325e+03 
       1.730923791984e-01       2.429868508531e+03 
       1.762982241935e-01       2.375082875403e+03 
       1.795040731003e-01       2.326980121166e+03 
       1.827099256938e-01       2.282697184417e+03 
       1.859157817714e-01       2.239574899679e+03 
       1.891216411479e-01       2.194857221323e+03 
       1.923275036533e-01       2.146655761307e+03 
       1.955333691301e-01       2.094311210475e+03 
       1.987392374318e-01       2.037673712542e+03 
       2.019451084220e-01       1.977163944102e+03 
       2.051509819732e-01       1.913879380031e+03 
       2.083568579659e-01       1.849203826642e+03 
       2.115627362882e-01       1.784739606969e+03 
       2.147686168348e-01       1.722174425026e+03 
       2.179744995067e-01       1.662845361553e+03 
       2.211803842109e-01       1.607833925052e+03 
       2.243862708597e-01       1.557802496630e+03 
       2.275921593701e-01       1.512769157928e+03 
       2.307980496642e-01       1.472807745395e+03 
       2.340039416681e-01       1.437407780123e+03 
       2.372098353120e-01       1.406077039882e+03 
       2.404157305299e-01       1.378042079961e+03 
       2.436216272592e-01       1.352458667869e+03 
       2.468275254406e-01       1.328265574483e+03 
       2.500334250180e-01       1.304701908023e+03 
       2.532393259380e-01       1.280761648247e+03 
       2.564452281500e-01       1.255964137173e+03 
       2.596511316057e-01       1.230100520670e+03 
       2.628570362594e-01       1.203036914906e+03 
       2.660629420675e-01       1.174948320021e+03 
       2.692688489886e-01       1.146122652137e+03 
       2.724747569831e-01       1.116930464526e+03 
       2.756806660134e-01       1.087837287147e+03 
       2.788865760436e-01       1.059298541620e+03 
       2.820924870393e-01       1.031739297185e+03 
       2.852983989678e-01       1.005575299979e+03 
       2.885043117980e-01       9.811077653006e+02 
       2.917102254998e-01       9.584583423826e+02 
       2.949161400447e-01       9.376692398652e+02 
       2.981220554053e-01       9.185595015609e+02 
       3.013279715556e-01       9.009356850802e+02 
       3.045338884703e-01       8.844956485036e+02 
       3.077398061256e-01       8.689949264780e+02 
       3.109457244983e-01       8.541220236026e+02 
       3.141516435664e-01       8.396071097342e+02 
       3.173575633088e-01       8.253191493221e+02 
       3.205634837050e-01       8.109510170374e+02 
       3.237694047356e-01       7.963618643554e+02 
       3.269753263818e-01       7.815824242977e+02 
       3.301812486256e-01       7.665342260117e+02 
       3.333871714497e-01       7.513302607052e+02 
       3.365930948375e-01       7.361088816080e+02 
       3.397990187728e-01       7.210184644558e+02 
       3.430049432402e-01       7.061640833653e+02 
       3.462108682250e-01       6.917333605217e+02 
       3.494167937128e-01       6.778011489956e+02 
       3.526227196899e-01       6.644423420407e+02 
       3.558286461428e-01       6.516939739992e+02 
       3.590345730589e-01       6.396317037288e+02 
       3.622405004259e-01       6.282032435788e+02 
       3.654464282316e-01       6.173902980330e+02 
       3.686523564648e-01       6.071231586135e+02 
       3.718582851142e-01       5.972800000340e+02 
       3.750642141692e-01       5.877759710033e+02 
       3.782701436193e-01       5.784633369378e+02 
       3.814760734547e-01       5.693284328733e+02 
       3.846820036656e-01       5.603156040412e+02 
       3.878879342426e-01       5.513362894119e+02 
       3.910938651768e-01       5.424234104630e+02 
       3.942997964594e-01       5.335202018893e+02 
       3.975057280819e-01       5.246594786952e+02 
       4.007116600361e-01       5.158684887050e+02 
       4.039175923142e-01       5.071482581051e+02 
       4.071235249083e-01       4.985666729413e+02 
       4.103294578111e-01       4.901574065429e+02 
       4.135353910154e-01       4.819790808865e+02 
       4.167413245142e-01       4.740219681772e+02 
       4.199472583007e-01       4.663083236464e+02 
       4.231531923684e-01       4.588591093025e+02 
       4.263591267109e-01       4.516584189106e+02 
       4.295650613220e-01       4.446960515144e+02 
       4.327709961957e-01       4.379602452687e+02 
       4.359769313262e-01       4.314430155794e+02 
       4.391828667078e-01       4.251136718132e+02 
       4.423888023352e-01       4.189340617868e+02 
       4.455947382029e-01       4.129109090771e+02 
       4.488006743058e-01       4.070164125444e+02 
       4.520066106389e-01       4.011778468832e+02 
       4.552125471973e-01       3.954181337846e+02 
       4.584184839762e-01       3.897256685056e+02 
       4.616244209711e-01       3.840963396055e+02 
       4.648303581774e-01       3.785344103654e+02 
       4.680362955908e-01       3.730452100876e+02 
       4.712422332071e-01       3.676336175573e+02 
       4.744481710221e-01       3.623058065240e+02 
       4.776541090317e-01       3.570834711616e+02 
       4.808600472323e-01       3.519493113655e+02 
       4.840659856198e-01       3.469262930769e+02 
       4.872719241906e-01       3.420299513814e+02 
       4.904778629410e-01       3.372622718478e+02 
       4.936838018677e-01       3.326248127540e+02 
       4.968897409672e-01       3.281089666908e+02 
       5.000956802360e-01       3.237055386521e+02 
       5.033016196710e-01       3.194031407973e+02 
       5.065075592691e-01       3.151884405895e+02 
       5.097134990271e-01       3.110615763525e+02 
       5.129194389419e-01       3.070081703881e+02 
       5.161253790108e-01       3.030232807573e+02 
       5.193313192308e-01       2.991036273458e+02 
       5.225372595992e-01       2.952399283115e+02 
       5.257432001131e-01       2.914281768857e+02 
       5.289491407700e-01       2.876648328655e+02 
       5.321550815673e-01       2.839511267124e+02 
       5.353610225024e-01       2.802911792816e+02 
       5.385669635729e-01       2.766902563890e+02 
       5.417729047763e-01       2.731540862497e+02 
       5.449788461103e-01       2.696829030244e+02 
       5.481847875727e-01       2.662775516042e+02 
       5.513907291611e-01       2.629370800405e+02 
       5.545966708733e-01       2.596587307874e+02 
       5.578026127073e-01       2.564425110768e+02 
       5.610085546610e-01       2.532879767762e+02 
       5.642144967322e-01       2.501964852672e+02 
       5.912890589532e-01       2.261851209929e+02 
       6.218764270122e-01       2.026046523454e+02 
       6.572237820036e-01       1.795190965119e+02 
       6.993581365285e-01       1.564949297520e+02 
       7.518222173045e-01       1.332451100324e+02 
       8.213610626968e-01       1.092541231786e+02 
       9.218987691594e-01       8.407741843693e+01 
       1.081607109807e+00       5.823395942330e+01 
       1.334354071870e+00       3.564631528712e+01 
       1.677592723157e+00       2.067797825389e+01 
       2.111925031103e+00       1.185031109727e+01 
       2.658755959029e+00       6.735585152664e+00 
       3.347175440521e+00       3.800324631064e+00 
       4.213844219805e+00       2.129660214600e+00 
       5.304915569654e+00       1.186172209246e+00 
