# Matter power spectrum P(k) at redshift z=0
# for k=1.04206e-05 to 5.30492 h/Mpc,
# number of wavenumbers equal to 556
#    1:k (h/Mpc)              2:P (Mpc/h)^3        
       1.042057218184e-05       4.833537658061e+01 
       2.326965112994e-05       1.050300519718e+02 
       3.616368418034e-05       1.608004190826e+02 
       4.913719193480e-05       2.162184423365e+02 
       6.222526308808e-05       2.716135682764e+02 
       7.546386576344e-05       3.272350782429e+02 
       8.889016875518e-05       3.832976871797e+02 
       1.025428769313e-04       4.400002621764e+02 
       1.164625850822e-04       4.975354601436e+02 
       1.306921545348e-04       5.560955876929e+02 
       1.452771168578e-04       6.158767102898e+02 
       1.602661089286e-04       6.770818631010e+02 
       1.757113434590e-04       7.399238149070e+02 
       1.916691187203e-04       8.046276087806e+02 
       2.082003705715e-04       8.714330008250e+02 
       2.253712688491e-04       9.405968886477e+02 
       2.432538585641e-04       1.012395745879e+03 
       2.619267439530e-04       1.087128084763e+03 
       2.814758099843e-04       1.165116929664e+03 
       3.019949711088e-04       1.246712255259e+03 
       3.235869304925e-04       1.332293317092e+03 
       3.463639242877e-04       1.422270767425e+03 
       3.704484143167e-04       1.517088386226e+03 
       3.959736785986e-04       1.617224231615e+03 
       4.230842324495e-04       1.723190922296e+03 
       4.519359939257e-04       1.835534713567e+03 
       4.826960874217e-04       1.954832964929e+03 
       5.155421607080e-04       2.081689528463e+03 
       5.506610775242e-04       2.216727579526e+03 
       5.882468456576e-04       2.360579418892e+03 
       6.284976563937e-04       2.513872888928e+03 
       6.716119530946e-04       2.677214256562e+03 
       7.177835209098e-04       2.851167697886e+03 
       7.671956984077e-04       3.036232034959e+03 
       8.200149493820e-04       3.232815839791e+03 
       8.763841823298e-04       3.441212623066e+03 
       9.364163376910e-04       3.661578178683e+03 
       1.000188843120e-03       3.893912562944e+03 
       1.067739531294e-03       4.138048814875e+03 
       1.139064504489e-03       4.393650221474e+03 
       1.214118222770e-03       4.660216785127e+03 
       1.292815824085e-03       4.937100933726e+03 
       1.375037411211e-03       5.223510085435e+03 
       1.460633820754e-03       5.518572241406e+03 
       1.549433265394e-03       5.821370255368e+03 
       1.641248225604e-03       6.130931108533e+03 
       1.735882045929e-03       6.446272515157e+03 
       1.833134829652e-03       6.766426391937e+03 
       1.932808385381e-03       7.090457888262e+03 
       2.034710127534e-03       7.417479749718e+03 
       2.138655950016e-03       7.746661696685e+03 
       2.244472171370e-03       8.077237263518e+03 
       2.351996692680e-03       8.408505316335e+03 
       2.461079523784e-03       8.739830694046e+03 
       2.571582828056e-03       9.070642175703e+03 
       2.683380619173e-03       9.400428762171e+03 
       2.796358221359e-03       9.728736800202e+03 
       2.910411581825e-03       1.005516444969e+04 
       3.025446503116e-03       1.037935850629e+04 
       3.141377844999e-03       1.070100806350e+04 
       3.258128730790e-03       1.101984288219e+04 
       3.375629781505e-03       1.133562625213e+04 
       3.493818392485e-03       1.164815371842e+04 
       3.612638060755e-03       1.195724833873e+04 
       3.732037766814e-03       1.226275945085e+04 
       3.851971411454e-03       1.256455630014e+04 
       3.972397306111e-03       1.286253077808e+04 
       4.093277713990e-03       1.315658949545e+04 
       4.214578438467e-03       1.344665876322e+04 
       4.336268454921e-03       1.373267301727e+04 
       4.458319582072e-03       1.401458596866e+04 
       4.580706188991e-03       1.429235628270e+04 
       4.703404934129e-03       1.456594832016e+04 
       4.826394532960e-03       1.483530410128e+04 
       4.949655551135e-03       1.510050645363e+04 
       5.073170220304e-03       1.536146809853e+04 
       5.196922274055e-03       1.561821099387e+04 
       5.320896801695e-03       1.587077447180e+04 
       5.445080117829e-03       1.611917074322e+04 
       5.569459645937e-03       1.636335283134e+04 
       5.694023814342e-03       1.660261947066e+04 
       5.818761963164e-03       1.683846095389e+04 
       5.943664260997e-03       1.707016174599e+04 
       6.068721630219e-03       1.729769706449e+04 
       6.193925679956e-03       1.752122580745e+04 
       6.319268645850e-03       1.774084823100e+04 
       6.444743335863e-03       1.795662265392e+04 
       6.570343081469e-03       1.816789586457e+04 
       6.696061693630e-03       1.837529627795e+04 
       6.821893423043e-03       1.857871466625e+04 
       6.947832924206e-03       1.877832621913e+04 
       7.073875222885e-03       1.897407641347e+04 
       7.200015686637e-03       1.916595575936e+04 
       7.326249998058e-03       1.935404300758e+04 
       7.452574130483e-03       1.953821793606e+04 
       7.578984325892e-03       1.971886656224e+04 
       7.705477074781e-03       1.989631553302e+04 
       7.832049097827e-03       2.006958569511e+04 
       7.958697329148e-03       2.023922149954e+04 
       8.085418901014e-03       2.040527563279e+04 
       8.212211129865e-03       2.056784073459e+04 
       8.339071503515e-03       2.072688220658e+04 
       8.465997669418e-03       2.088244713486e+04 
       8.592987423914e-03       2.103458153413e+04 
       8.720038702352e-03       2.118333166087e+04 
       8.847149570010e-03       2.132872344351e+04 
       8.974318213752e-03       2.147074975671e+04 
       9.101542934336e-03       2.160952742820e+04 
       9.228822139338e-03       2.174505299430e+04 
       9.356154336615e-03       2.187736063631e+04 
       9.483538128286e-03       2.200650933683e+04 
       9.610972205158e-03       2.213251461284e+04 
       9.738455341587e-03       2.225544472050e+04 
       9.865986390716e-03       2.237521157585e+04 
       9.993564280075e-03       2.249205369870e+04 
       1.012118800750e-02       2.260575910747e+04 
       1.024885663735e-02       2.271654545971e+04 
       1.037656929700e-02       2.282448370379e+04 
       1.050432517362e-02       2.292943689597e+04 
       1.063212351112e-02       2.303145514439e+04 
       1.075996360736e-02       2.313076681226e+04 
       1.088784481154e-02       2.322710379713e+04 
       1.101576652183e-02       2.332079890019e+04 
       1.114372818303e-02       2.341171912156e+04 
       1.127172928459e-02       2.349993242447e+04 
       1.139976935856e-02       2.358545304541e+04 
       1.152784797787e-02       2.366832522534e+04 
       1.165596475459e-02       2.374858673272e+04 
       1.178411933838e-02       2.382626234637e+04 
       1.191231141505e-02       2.390137519047e+04 
       1.204054070520e-02       2.397403770609e+04 
       1.216880696294e-02       2.404401134716e+04 
       1.229710997476e-02       2.411163562651e+04 
       1.242544955839e-02       2.417679921017e+04 
       1.255382556183e-02       2.423957250635e+04 
       1.268223786242e-02       2.429994596859e+04 
       1.281068636592e-02       2.435802796808e+04 
       1.293917100575e-02       2.441371112096e+04 
       1.306769174223e-02       2.446713647596e+04 
       1.319624856189e-02       2.451823803141e+04 
       1.332484147682e-02       2.456714613780e+04 
       1.345347052410e-02       2.461384873569e+04 
       1.358213576527e-02       2.465839644807e+04 
       1.371083728579e-02       2.470066583034e+04 
       1.383957519464e-02       2.474081915703e+04 
       1.396834962388e-02       2.477886732932e+04 
       1.409716072827e-02       2.481488551728e+04 
       1.422600868495e-02       2.484884295082e+04 
       1.435489369312e-02       2.488074085742e+04 
       1.448381597375e-02       2.491059390658e+04 
       1.461277576940e-02       2.493851922992e+04 
       1.474177334394e-02       2.496447605323e+04 
       1.487080898239e-02       2.498852128784e+04 
       1.499988299079e-02       2.501058379368e+04 
       1.512899569603e-02       2.503083068568e+04 
       1.525814744577e-02       2.504917064379e+04 
       1.538733860835e-02       2.506574499736e+04 
       1.551656957274e-02       2.508042729881e+04 
       1.564584074848e-02       2.509338374134e+04 
       1.577515256571e-02       2.510452440123e+04 
       1.590450547513e-02       2.511401182305e+04 
       1.603389994806e-02       2.512171018975e+04 
       1.616333647650e-02       2.512771872214e+04 
       1.629281557314e-02       2.513207980524e+04 
       1.642233777151e-02       2.513473122906e+04 
       1.655190362604e-02       2.513575050981e+04 
       1.668151371224e-02       2.513528443126e+04 
       1.681116862675e-02       2.513314792021e+04 
       1.694086898759e-02       2.512955674308e+04 
       1.707061543430e-02       2.512426579721e+04 
       1.720040862812e-02       2.511750559033e+04 
       1.733024925222e-02       2.510925144834e+04 
       1.746013801191e-02       2.509956175312e+04 
       1.759007563492e-02       2.508839729215e+04 
       1.772006287162e-02       2.507484412812e+04 
       1.785010049533e-02       2.506180706502e+04 
       1.798018930257e-02       2.504555513993e+04 
       1.811033011343e-02       2.502966148621e+04 
       1.824052377186e-02       2.501068069998e+04 
       1.837077114602e-02       2.499122393094e+04 
       1.850107312864e-02       2.497073136668e+04 
       1.863143063739e-02       2.494922289082e+04 
       1.876184461532e-02       2.492576907894e+04 
       1.889231603120e-02       2.490058485238e+04 
       1.902284588001e-02       2.487534137419e+04 
       1.915343518335e-02       2.484766992110e+04 
       1.928408498992e-02       2.481923691191e+04 
       1.941479637601e-02       2.478962886653e+04 
       1.954557044598e-02       2.476028087606e+04 
       1.967640833279e-02       2.472848840508e+04 
       1.980731119854e-02       2.469554376532e+04 
       1.993828023503e-02       2.466112724428e+04 
       2.006931666432e-02       2.462616532633e+04 
       2.020042173937e-02       2.458989265791e+04 
       2.033159674457e-02       2.455369709607e+04 
       2.046284299649e-02       2.451555670498e+04 
       2.059416184446e-02       2.447641227965e+04 
       2.072555467126e-02       2.443524590606e+04 
       2.085702289386e-02       2.439435359368e+04 
       2.098856796412e-02       2.435296902024e+04 
       2.112019136953e-02       2.430925544485e+04 
       2.125189463402e-02       2.426511337501e+04 
       2.138367931871e-02       2.422029284235e+04 
       2.151554702278e-02       2.417452997478e+04 
       2.164749938428e-02       2.412798926931e+04 
       2.177953808105e-02       2.408064587796e+04 
       2.191166483158e-02       2.403234490376e+04 
       2.204388139596e-02       2.398313363148e+04 
       2.217618957687e-02       2.393310098025e+04 
       2.230859122051e-02       2.388248992797e+04 
       2.244108821769e-02       2.383096516601e+04 
       2.257368250484e-02       2.377856763340e+04 
       2.270637606510e-02       2.372562658130e+04 
       2.283917092947e-02       2.367234818091e+04 
       2.297206917795e-02       2.361743838080e+04 
       2.310507294071e-02       2.356297977035e+04 
       2.323818439939e-02       2.350637759687e+04 
       2.337140578826e-02       2.344988257206e+04 
       2.350473939566e-02       2.339253970083e+04 
       2.363818756524e-02       2.333497352655e+04 
       2.377175269741e-02       2.327635476232e+04 
       2.390543725077e-02       2.321728704381e+04 
       2.403924374359e-02       2.315766489964e+04 
       2.417317475535e-02       2.309730484684e+04 
       2.430723292830e-02       2.303714351504e+04 
       2.444142096913e-02       2.297515624181e+04 
       2.457574165060e-02       2.291313103180e+04 
       2.471019781335e-02       2.285118586068e+04 
       2.484479236763e-02       2.278781970727e+04 
       2.497952829521e-02       2.272429492227e+04 
       2.511440865126e-02       2.266000061197e+04 
       2.524943656635e-02       2.259558968403e+04 
       2.538461524850e-02       2.253072738170e+04 
       2.551994798528e-02       2.246532882211e+04 
       2.565543814603e-02       2.239943770900e+04 
       2.579108918407e-02       2.233318260597e+04 
       2.592690463912e-02       2.226654806931e+04 
       2.606288813961e-02       2.219925948897e+04 
       2.619904340530e-02       2.213225809527e+04 
       2.633537424979e-02       2.206382891853e+04 
       2.647188458323e-02       2.199546333313e+04 
       2.660857841510e-02       2.192686899851e+04 
       2.674545985708e-02       2.185782787234e+04 
       2.688253312601e-02       2.178892417551e+04 
       2.701980254701e-02       2.171877705556e+04 
       2.715727255664e-02       2.164926423962e+04 
       2.729494770623e-02       2.157885200050e+04 
       2.743283266532e-02       2.150796464657e+04 
       2.757093222518e-02       2.143698127035e+04 
       2.770925130257e-02       2.136586028462e+04 
       2.784779494349e-02       2.129456144485e+04 
       2.798656832723e-02       2.122268963455e+04 
       2.812557677044e-02       2.115070173960e+04 
       2.826482573144e-02       2.107850834502e+04 
       2.840432081466e-02       2.100599199166e+04 
       2.854406777528e-02       2.093339401213e+04 
       2.868407252398e-02       2.086054643279e+04 
       2.882434113201e-02       2.078741205234e+04 
       2.896487983631e-02       2.071444438555e+04 
       2.910569504495e-02       2.064074021106e+04 
       2.924679334273e-02       2.056707982936e+04 
       2.938818149703e-02       2.049364482347e+04 
       2.952986646388e-02       2.041933979352e+04 
       2.967185539433e-02       2.034562149144e+04 
       2.981415564100e-02       2.027089670336e+04 
       2.995677476503e-02       2.019641971606e+04 
       3.009972054318e-02       2.012188037246e+04 
       3.024300097534e-02       2.004730652548e+04 
       3.038662429235e-02       1.997279600903e+04 
       3.053059896410e-02       1.989750645816e+04 
       3.067493370806e-02       1.982250801951e+04 
       3.081963749812e-02       1.974740494501e+04 
       3.096471957392e-02       1.967220521760e+04 
       3.111018945048e-02       1.959688812697e+04 
       3.125605692835e-02       1.952182979303e+04 
       3.140233210423e-02       1.944640720531e+04 
       3.154902538202e-02       1.937082773571e+04 
       3.169614748446e-02       1.929502265530e+04 
       3.184370946525e-02       1.921935348711e+04 
       3.199172272184e-02       1.914393222485e+04 
       3.214019900872e-02       1.906800267795e+04 
       3.228915045143e-02       1.899231455040e+04 
       3.243858956127e-02       1.891647774830e+04 
       3.258852925070e-02       1.884090042350e+04 
       3.273898284951e-02       1.876491150940e+04 
       3.288996412182e-02       1.868896357921e+04 
       3.304148728400e-02       1.861311074447e+04 
       3.319356702338e-02       1.853739654050e+04 
       3.334621851809e-02       1.846142468444e+04 
       3.349945745785e-02       1.838551689289e+04 
       3.365330006589e-02       1.830938653465e+04 
       3.380776312205e-02       1.823345627782e+04 
       3.396286398716e-02       1.815776797507e+04 
       3.411862062869e-02       1.808192766938e+04 
       3.427505164792e-02       1.800598619627e+04 
       3.443217630858e-02       1.792993811832e+04 
       3.459001456709e-02       1.785438953919e+04 
       3.474858710462e-02       1.777828395518e+04 
       3.490791536095e-02       1.770249050416e+04 
       3.506802157032e-02       1.762682880542e+04 
       3.522892879944e-02       1.755112223760e+04 
       3.539066098777e-02       1.747533674364e+04 
       3.555324299027e-02       1.739960151126e+04 
       3.571670062275e-02       1.732398045058e+04 
       3.588106071006e-02       1.724829109047e+04 
       3.604635113735e-02       1.717276555996e+04 
       3.621260090458e-02       1.709725790760e+04 
       3.637984018453e-02       1.702179254012e+04 
       3.654810038465e-02       1.694621664955e+04 
       3.671741421304e-02       1.687108727977e+04 
       3.688781574877e-02       1.679552613114e+04 
       3.705934051709e-02       1.672008065004e+04 
       3.723202556976e-02       1.664477653006e+04 
       3.740590957106e-02       1.656940609624e+04 
       3.758103288980e-02       1.649420558618e+04 
       3.775743769808e-02       1.641905756770e+04 
       3.793516807712e-02       1.634395890753e+04 
       3.811427013100e-02       1.626864813523e+04 
       3.829479210887e-02       1.619360805560e+04 
       3.847678453647e-02       1.611850981411e+04 
       3.866030035785e-02       1.604339340739e+04 
       3.884539508812e-02       1.596821474167e+04 
       3.903212697838e-02       1.589335364876e+04 
       3.922055719398e-02       1.581824001886e+04 
       3.941075000738e-02       1.574326574987e+04 
       3.960277300709e-02       1.566817512956e+04 
       3.979669732427e-02       1.559322251317e+04 
       3.999259787885e-02       1.551847040206e+04 
       4.019055364715e-02       1.544331204259e+04 
       4.039064795330e-02       1.536840349305e+04 
       4.059296878701e-02       1.529337840644e+04 
       4.079760915056e-02       1.521802760932e+04 
       4.100466743828e-02       1.514313879234e+04 
       4.121424785216e-02       1.506814520855e+04 
       4.142646085781e-02       1.499279481499e+04 
       4.164142368538e-02       1.491753674004e+04 
       4.185926088097e-02       1.484238639870e+04 
       4.208010491456e-02       1.476709930683e+04 
       4.230409685146e-02       1.469157148978e+04 
       4.253138709533e-02       1.461597807742e+04 
       4.276213621205e-02       1.454048307798e+04 
       4.299651584490e-02       1.446463007135e+04 
       4.323470973345e-02       1.438894758363e+04 
       4.347691485024e-02       1.431274349857e+04 
       4.372334267176e-02       1.423658188292e+04 
       4.397422060285e-02       1.416024824805e+04 
       4.422979357686e-02       1.408371449714e+04 
       4.449032585785e-02       1.400693024793e+04 
       4.475610307540e-02       1.393013996741e+04 
       4.502743452858e-02       1.385278025281e+04 
       4.530465580159e-02       1.377526467507e+04 
       4.558813174228e-02       1.369755171812e+04 
       4.587825986394e-02       1.361960714383e+04 
       4.617547424299e-02       1.354100307232e+04 
       4.648024999931e-02       1.346222256004e+04 
       4.679310846423e-02       1.338301444182e+04 
       4.711462316277e-02       1.330320337292e+04 
       4.744542676414e-02       1.322262128155e+04 
       4.778621918842e-02       1.314224469187e+04 
       4.813777709956e-02       1.306086755709e+04 
       4.850096506784e-02       1.297857440495e+04 
       4.887674875209e-02       1.289548640593e+04 
       4.926621053593e-02       1.281182149022e+04 
       4.967056815983e-02       1.272743521232e+04 
       5.009119702683e-02       1.264193578337e+04 
       5.052965703316e-02       1.255535088987e+04 
       5.098772499628e-02       1.246748894163e+04 
       5.146743403472e-02       1.237858772134e+04 
       5.197112161103e-02       1.228827227178e+04 
       5.250148839893e-02       1.219603806779e+04 
       5.306167069287e-02       1.210206254051e+04 
       5.365532975062e-02       1.200586062190e+04 
       5.428676223272e-02       1.190693679288e+04 
       5.496103671004e-02       1.180508833367e+04 
       5.568416187268e-02       1.169976192512e+04 
       5.646329218021e-02       1.159048858799e+04 
       5.730697538212e-02       1.147628892021e+04 
       5.822544188970e-02       1.135621728401e+04 
       5.923092515488e-02       1.122884276533e+04 
       6.033797928108e-02       1.109125292010e+04 
       6.156371598616e-02       1.094284592738e+04 
       6.292780630626e-02       1.077870327679e+04 
       6.445197712657e-02       1.059451556638e+04 
       6.615860374566e-02       1.038503034538e+04 
       6.806796612803e-02       1.014355704940e+04 
       7.019404116873e-02       9.861760846373e+03 
       7.253961330897e-02       9.534313209690e+03 
       7.509278892469e-02       9.157673457423e+03 
       7.782744553760e-02       8.734921469448e+03 
       8.070834081806e-02       8.275447476887e+03 
       8.369850870412e-02       7.795266741171e+03 
       8.676533518017e-02       7.312754036763e+03 
       8.988341108387e-02       6.846656900618e+03 
       9.303459752038e-02       6.412864708687e+03 
       9.620668989419e-02       6.022889848171e+03 
       9.939178843373e-02       5.683455090480e+03 
       1.025849044428e-01       5.396377475407e+03 
       1.057829357846e-01       5.159323296917e+03 
       1.089839716760e-01       4.966693253738e+03 
       1.121868419100e-01       4.810156191315e+03 
       1.153908322588e-01       4.680698824014e+03 
       1.185955076262e-01       4.568227823696e+03 
       1.218006031962e-01       4.463104637921e+03 
       1.250059578175e-01       4.357185370659e+03 
       1.282114733753e-01       4.243791171411e+03 
       1.314170900648e-01       4.118516203349e+03 
       1.346227713601e-01       3.980367161730e+03 
       1.378284948827e-01       3.830058127422e+03 
       1.410342468575e-01       3.670243835153e+03 
       1.442400187453e-01       3.505347342168e+03 
       1.474458051990e-01       3.340238590046e+03 
       1.506516028211e-01       3.180162942438e+03 
       1.538574094093e-01       3.029447934259e+03 
       1.570632234977e-01       2.891540164535e+03 
       1.602690440766e-01       2.768785503762e+03 
       1.634748704227e-01       2.661963021832e+03 
       1.666807019945e-01       2.571005589184e+03 
       1.698865383682e-01       2.494402313567e+03 
       1.730923791984e-01       2.430218478082e+03 
       1.762982241935e-01       2.375514713471e+03 
       1.795040731003e-01       2.327490768033e+03 
       1.827099256938e-01       2.283147921314e+03 
       1.859157817714e-01       2.240054980354e+03 
       1.891216411479e-01       2.195529895299e+03 
       1.923275036533e-01       2.147532719392e+03 
       1.955333691301e-01       2.095193062813e+03 
       1.987392374318e-01       2.038336963332e+03 
       2.019451084220e-01       1.977487983284e+03 
       2.051509819732e-01       1.913915035377e+03 
       2.083568579659e-01       1.849135926197e+03 
       2.115627362882e-01       1.784751245081e+03 
       2.147686168348e-01       1.722349356320e+03 
       2.179744995067e-01       1.663164720319e+03 
       2.211803842109e-01       1.608063695913e+03 
       2.243862708597e-01       1.557878970689e+03 
       2.275921593701e-01       1.512680834038e+03 
       2.307980496642e-01       1.472641044938e+03 
       2.340039416681e-01       1.437283729680e+03 
       2.372098353120e-01       1.406075387285e+03 
       2.404157305299e-01       1.378160906623e+03 
       2.436216272592e-01       1.352617081458e+03 
       2.468275254406e-01       1.328369552317e+03 
       2.500334250180e-01       1.304695394758e+03 
       2.532393259380e-01       1.280659412234e+03 
       2.564452281500e-01       1.255833643978e+03 
       2.596511316057e-01       1.229998636471e+03 
       2.628570362594e-01       1.202989677151e+03 
       2.660629420675e-01       1.174927317549e+03 
       2.692688489886e-01       1.146069304978e+03 
       2.724747569831e-01       1.116794160927e+03 
       2.756806660134e-01       1.087608496437e+03 
       2.788865760436e-01       1.059003524429e+03 
       2.820924870393e-01       1.031419491135e+03 
       2.852983989678e-01       1.005266914401e+03 
       2.885043117980e-01       9.808143923968e+02 
       2.917102254998e-01       9.581649459914e+02 
       2.949161400447e-01       9.373458199245e+02 
       2.981220554053e-01       9.181959236001e+02 
       3.013279715556e-01       9.005438401081e+02 
       3.045338884703e-01       8.840938585552e+02 
       3.077398061256e-01       8.686072835291e+02 
       3.109457244983e-01       8.537639273359e+02 
       3.141516435664e-01       8.392786763553e+02 
       3.173575633088e-01       8.250058758080e+02 
       3.205634837050e-01       8.106448563911e+02 
       3.237694047356e-01       7.960616455909e+02 
       3.269753263818e-01       7.812958363749e+02 
       3.301812486256e-01       7.662695689511e+02 
       3.333871714497e-01       7.510996346974e+02 
       3.365930948375e-01       7.359106657003e+02 
       3.397990187728e-01       7.208429467003e+02 
       3.430049432402e-01       7.060064506094e+02 
       3.462108682250e-01       6.915864426978e+02 
       3.494167937128e-01       6.776660998284e+02 
       3.526227196899e-01       6.643216998386e+02 
       3.558286461428e-01       6.515909161218e+02 
       3.590345730589e-01       6.395455940232e+02 
       3.622405004259e-01       6.281319952999e+02 
       3.654464282316e-01       6.173284662240e+02 
       3.686523564648e-01       6.070661409208e+02 
       3.718582851142e-01       5.972272302270e+02 
       3.750642141692e-01       5.877280518118e+02 
       3.782701436193e-01       5.784209344288e+02 
       3.814760734547e-01       5.692926409286e+02 
       3.846820036656e-01       5.602847568912e+02 
       3.878879342426e-01       5.513098896529e+02 
       3.910938651768e-01       5.424036230459e+02 
       3.942997964594e-01       5.334952768321e+02 
       3.975057280819e-01       5.246340056116e+02 
       4.007116600361e-01       5.158434689894e+02 
       4.039175923142e-01       5.071249201913e+02 
       4.071235249083e-01       4.985451669121e+02 
       4.103294578111e-01       4.901373406836e+02 
       4.135353910154e-01       4.819599065602e+02 
       4.167413245142e-01       4.740028946685e+02 
       4.199472583007e-01       4.662888784073e+02 
       4.231531923684e-01       4.588393481922e+02 
       4.263591267109e-01       4.516385292128e+02 
       4.295650613220e-01       4.446766106787e+02 
       4.327709961957e-01       4.379412758811e+02 
       4.359769313262e-01       4.314247449059e+02 
       4.391828667078e-01       4.250959683847e+02 
       4.423888023352e-01       4.189162054600e+02 
       4.455947382029e-01       4.128935420276e+02 
       4.488006743058e-01       4.069985808356e+02 
       4.520066106389e-01       4.011598899759e+02 
       4.552125471973e-01       3.954004515916e+02 
       4.584184839762e-01       3.897083475400e+02 
       4.616244209711e-01       3.840795351526e+02 
       4.648303581774e-01       3.785179119584e+02 
       4.680362955908e-01       3.730288581673e+02 
       4.712422332071e-01       3.676176030652e+02 
       4.744481710221e-01       3.622900637735e+02 
       4.776541090317e-01       3.570677809856e+02 
       4.808600472323e-01       3.519336605506e+02 
       4.840659856198e-01       3.469115096410e+02 
       4.872719241906e-01       3.420151878502e+02 
       4.904778629410e-01       3.372479338280e+02 
       4.936838018677e-01       3.326108740118e+02 
       4.968897409672e-01       3.280952760104e+02 
       5.000956802360e-01       3.236921203755e+02 
       5.033016196710e-01       3.193900752036e+02 
       5.065075592691e-01       3.151755710543e+02 
       5.097134990271e-01       3.110490571772e+02 
       5.129194389419e-01       3.069962318341e+02 
       5.161253790108e-01       3.030112880178e+02 
       5.193313192308e-01       2.990921619166e+02 
       5.225372595992e-01       2.952288575956e+02 
       5.257432001131e-01       2.914173024442e+02 
       5.289491407700e-01       2.876542437184e+02 
       5.321550815673e-01       2.839408051270e+02 
       5.353610225024e-01       2.802812523611e+02 
       5.385669635729e-01       2.766807701269e+02 
       5.417729047763e-01       2.731442360472e+02 
       5.449788461103e-01       2.696728638005e+02 
       5.481847875727e-01       2.662679233098e+02 
       5.513907291611e-01       2.629277040614e+02 
       5.545966708733e-01       2.596495114944e+02 
       5.578026127073e-01       2.564338104127e+02 
       5.610085546610e-01       2.532802540021e+02 
       5.642144967322e-01       2.501888609214e+02 
       5.912890589532e-01       2.261795224898e+02 
       6.218764270122e-01       2.026006572561e+02 
       6.572237820036e-01       1.795164499752e+02 
       6.993581365285e-01       1.564931191826e+02 
       7.518222173045e-01       1.332445569396e+02 
       8.213610626968e-01       1.092532102320e+02 
       9.218987691594e-01       8.407699252973e+01 
       1.081607109807e+00       5.823387988800e+01 
       1.334354071870e+00       3.564629827416e+01 
       1.677592723157e+00       2.067797546933e+01 
       2.111925031103e+00       1.185030870521e+01 
       2.658755959029e+00       6.735584780787e+00 
       3.347175440521e+00       3.800324558453e+00 
       4.213844219805e+00       2.129660100151e+00 
       5.304915569654e+00       1.186172189223e+00 
