# Matter power spectrum P(k) at redshift z=0
# for k=1.04207e-05 to 7.14249 h/Mpc,
# number of wavenumbers equal to 639
#    1:k (h/Mpc)              2:P (Mpc/h)^3        
       1.042074545152e-05       4.834769016563e+01 
       2.327567964668e-05       1.050814491395e+02 
       3.617561717612e-05       1.608901965227e+02 
       4.915512597041e-05       2.163466341731e+02 
       6.224934323933e-05       2.717806365415e+02 
       7.549428752096e-05       3.274418605755e+02 
       8.892718066764e-05       3.835453647547e+02 
       1.025867840357e-04       4.402903719357e+02 
       1.165137531779e-04       4.978699069805e+02 
       1.307510153722e-04       5.564766771612e+02 
       1.453441743253e-04       6.163071819981e+02 
       1.603419463355e-04       6.775649366692e+02 
       1.757966320217e-04       7.404632546421e+02 
       1.917646273718e-04       8.052277920000e+02 
       2.083069772164e-04       8.720990068719e+02 
       2.254899731890e-04       9.413346053112e+02 
       2.433857966059e-04       1.013211991339e+03 
       2.620732042917e-04       1.088030764003e+03 
       2.816382519067e-04       1.166115215757e+03 
       3.021750444948e-04       1.247816809482e+03 
       3.237864973836e-04       1.333516554543e+03 
       3.465850818369e-04       1.423627172560e+03 
       3.706935186177e-04       1.518594895990e+03 
       3.962453686033e-04       1.618900690170e+03 
       4.233854528142e-04       1.725060622386e+03 
       4.522700151718e-04       1.837625037844e+03 
       4.830665212753e-04       1.957176132496e+03 
       5.159529679278e-04       2.084323457470e+03 
       5.511165650117e-04       2.219696850363e+03 
       5.887516492798e-04       2.363936343596e+03 
       6.290567058962e-04       2.517678621168e+03 
       6.722304159292e-04       2.681539916636e+03 
       7.184667229350e-04       2.856095411589e+03 
       7.679490213574e-04       3.041855808154e+03 
       8.208437077036e-04       3.239242200640e+03 
       8.772934852100e-04       3.448560936684e+03 
       9.374109452767e-04       3.669980755999e+03 
       1.001273028386e-03       3.903514577281e+03 
       1.068916959950e-03       4.149008244779e+03 
       1.140338144261e-03       4.406137942987e+03 
       1.215490290275e-03       4.674416860219e+03 
       1.294287772950e-03       4.953210547818e+03 
       1.376609959948e-03       5.241759608077e+03 
       1.462307014391e-03       5.539211232328e+03 
       1.551206561799e-03       5.844641152107e+03 
       1.643120596178e-03       6.157084385638e+03 
       1.737852080844e-03       6.475564236416e+03 
       1.835200839511e-03       6.799116289389e+03 
       1.934968493495e-03       7.126808111810e+03 
       2.036962349406e-03       7.457753350004e+03 
       2.140998258650e-03       7.791121146520e+03 
       2.246902548591e-03       8.126141907500e+03 
       2.354513167637e-03       8.462109187735e+03 
       2.463680200365e-03       8.798380931217e+03 
       2.574265903132e-03       9.134377939648e+03 
       2.686144393533e-03       9.469581506410e+03 
       2.799201105028e-03       9.803528952957e+03 
       2.913332095218e-03       1.013580899140e+04 
       3.028443275199e-03       1.046605747161e+04 
       3.144449609409e-03       1.079395313415e+04 
       3.261274320636e-03       1.111921402565e+04 
       3.378848123399e-03       1.144159387816e+04 
       3.497108500200e-03       1.176087810512e+04 
       3.615999028797e-03       1.207687963042e+04 
       3.735468764111e-03       1.238943557324e+04 
       3.855471675280e-03       1.269840652675e+04 
       3.975966136338e-03       1.300367394876e+04 
       4.096914467711e-03       1.330513746647e+04 
       4.218282525000e-03       1.360271264952e+04 
       4.340039331212e-03       1.389632846386e+04 
       4.462156748480e-03       1.418592697046e+04 
       4.584609185435e-03       1.447146183850e+04 
       4.707373336581e-03       1.475289584007e+04 
       4.830427950256e-03       1.503019828227e+04 
       4.953753622085e-03       1.530336222619e+04 
       5.077332611070e-03       1.557236551504e+04 
       5.201148675776e-03       1.583720118463e+04 
       5.325186928340e-03       1.609786674003e+04 
       5.449433704249e-03       1.635436714570e+04 
       5.573876446102e-03       1.660671003191e+04 
       5.698503599749e-03       1.685490699490e+04 
       5.823304521390e-03       1.709897291808e+04 
       5.948269394385e-03       1.733892569089e+04 
       6.073389154695e-03       1.757478631492e+04 
       6.198655423946e-03       1.780657742762e+04 
       6.324060449299e-03       1.803432420104e+04 
       6.449597049348e-03       1.825805282910e+04 
       6.575258565384e-03       1.847779218444e+04 
       6.701038817448e-03       1.869357130713e+04 
       6.826932064642e-03       1.890542124344e+04 
       6.952932969257e-03       1.911337134694e+04 
       7.079036564289e-03       1.931745780082e+04 
       7.205238224011e-03       1.951771132220e+04 
       7.331533637267e-03       1.971416387764e+04 
       7.457918783209e-03       1.990684936934e+04 
       7.584389909239e-03       2.009580328795e+04 
       7.710943510916e-03       2.028105858797e+04 
       7.837576313644e-03       2.046265155215e+04 
       7.964285255966e-03       2.064061539451e+04 
       8.091067474294e-03       2.081498400097e+04 
       8.217920288951e-03       2.098579289542e+04 
       8.344841191396e-03       2.115308058910e+04 
       8.471827832507e-03       2.131687605645e+04 
       8.598878011848e-03       2.147722139295e+04 
       8.725989667799e-03       2.163414118564e+04 
       8.853160868501e-03       2.178767586306e+04 
       8.980389803518e-03       2.193785759248e+04 
       9.107674776158e-03       2.208472859052e+04 
       9.235014196412e-03       2.222830618025e+04 
       9.362406574423e-03       2.236863088476e+04 
       9.489850514476e-03       2.250574026903e+04 
       9.617344709438e-03       2.263967004490e+04 
       9.744887935619e-03       2.277043999133e+04 
       9.872479048024e-03       2.289808983310e+04 
       1.000011697596e-02       2.302265757476e+04 
       1.012780071894e-02       2.314416882475e+04 
       1.025552934295e-02       2.326265082824e+04 
       1.038330197691e-02       2.337813704155e+04 
       1.051111780946e-02       2.349067889270e+04 
       1.063897608593e-02       2.360027609712e+04 
       1.076687610554e-02       2.370698168562e+04 
       1.089481721880e-02       2.381081223458e+04 
       1.102279882511e-02       2.391180872510e+04 
       1.115082037053e-02       2.400999527327e+04 
       1.127888134562e-02       2.410539967628e+04 
       1.140698128360e-02       2.419806233472e+04 
       1.153511975847e-02       2.428799791411e+04 
       1.166329638336e-02       2.437524462866e+04 
       1.179151080895e-02       2.445983091133e+04 
       1.191976272205e-02       2.454178721793e+04 
       1.204805184421e-02       2.462112906063e+04 
       1.217637793049e-02       2.469789908419e+04 
       1.230474076829e-02       2.477212926168e+04 
       1.243314017624e-02       2.484382515139e+04 
       1.256157600321e-02       2.491303608595e+04 
       1.269004812738e-02       2.497978841297e+04 
       1.281855645537e-02       2.504410163764e+04 
       1.294710092141e-02       2.510600563740e+04 
       1.307568148662e-02       2.516552605461e+04 
       1.320429813832e-02       2.522269375467e+04 
       1.333295088939e-02       2.527752607948e+04 
       1.346163977768e-02       2.533006210216e+04 
       1.359036486548e-02       2.538032248119e+04 
       1.371912623900e-02       2.542832816992e+04 
       1.384792400797e-02       2.547410057088e+04 
       1.397675830518e-02       2.551768508830e+04 
       1.410562928612e-02       2.555909787497e+04 
       1.423453712866e-02       2.559835823656e+04 
       1.436348203270e-02       2.563550797134e+04 
       1.449246421995e-02       2.567054932172e+04 
       1.462148393366e-02       2.570352331167e+04 
       1.475054143843e-02       2.573445078535e+04 
       1.487963701999e-02       2.576335601315e+04 
       1.500877098507e-02       2.579026331509e+04 
       1.513794366129e-02       2.581519704479e+04 
       1.526715539701e-02       2.583818464850e+04 
       1.539640656128e-02       2.585924418301e+04 
       1.552569754378e-02       2.587840380259e+04 
       1.565502875478e-02       2.589568439124e+04 
       1.578440062512e-02       2.591112480206e+04 
       1.591381360623e-02       2.592471969718e+04 
       1.604326817018e-02       2.593651596646e+04 
       1.617276480966e-02       2.594653009381e+04 
       1.630230403812e-02       2.595478207931e+04 
       1.643188638984e-02       2.596129241390e+04 
       1.656151241999e-02       2.596608899524e+04 
       1.669118270482e-02       2.596919769091e+04 
       1.682089784176e-02       2.597063130849e+04 
       1.695065844960e-02       2.597042509855e+04 
       1.708046516865e-02       2.596858444347e+04 
       1.721031866094e-02       2.596514063123e+04 
       1.734021961044e-02       2.596011198378e+04 
       1.747016872328e-02       2.595353373870e+04 
       1.760016672800e-02       2.594540596895e+04 
       1.773021437580e-02       2.593576826384e+04 
       1.786031244084e-02       2.592462643522e+04 
       1.799046172052e-02       2.591200662382e+04 
       1.812066303577e-02       2.589794471608e+04 
       1.825091723144e-02       2.588244544542e+04 
       1.838122517657e-02       2.586551983852e+04 
       1.851158776480e-02       2.584721525381e+04 
       1.864200591475e-02       2.582753379387e+04 
       1.877248057037e-02       2.580648963005e+04 
       1.890301270142e-02       2.578413170298e+04 
       1.903360330383e-02       2.576044981685e+04 
       1.916425340020e-02       2.573548015938e+04 
       1.929496404023e-02       2.570923057397e+04 
       1.942573630125e-02       2.568174412593e+04 
       1.955657128865e-02       2.565300853178e+04 
       1.968747013645e-02       2.562306354248e+04 
       1.981843400785e-02       2.559192276274e+04 
       1.994946409575e-02       2.555959843209e+04 
       2.008056162334e-02       2.552611524259e+04 
       2.021172784470e-02       2.549149978051e+04 
       2.034296404542e-02       2.545576475106e+04 
       2.047427154326e-02       2.541892999792e+04 
       2.060565168875e-02       2.538098595723e+04 
       2.073710586594e-02       2.534198749698e+04 
       2.086863549305e-02       2.530192707215e+04 
       2.100024202323e-02       2.526086416552e+04 
       2.113192694532e-02       2.521878714789e+04 
       2.126369178457e-02       2.517567592493e+04 
       2.139553810349e-02       2.513161101315e+04 
       2.152746750267e-02       2.508658865732e+04 
       2.165948162160e-02       2.504060826577e+04 
       2.179158213958e-02       2.499372104546e+04 
       2.192377077661e-02       2.494591189147e+04 
       2.205604929432e-02       2.489719949279e+04 
       2.218841949695e-02       2.484760608084e+04 
       2.232088323231e-02       2.479715962120e+04 
       2.245344239284e-02       2.474588721797e+04 
       2.258609891665e-02       2.469379195837e+04 
       2.271885478860e-02       2.464082839731e+04 
       2.285171204145e-02       2.458710751048e+04 
       2.298467275698e-02       2.453263265329e+04 
       2.311773906721e-02       2.447730252807e+04 
       2.325091315565e-02       2.442129556924e+04 
       2.338419725851e-02       2.436456080759e+04 
       2.351759366607e-02       2.430705934840e+04 
       2.365110472401e-02       2.424891712796e+04 
       2.378473283481e-02       2.419000681069e+04 
       2.391848045918e-02       2.413048384926e+04 
       2.405235011755e-02       2.407032223590e+04 
       2.418634439161e-02       2.400944774922e+04 
       2.432046592589e-02       2.394798224602e+04 
       2.445471742939e-02       2.388590209108e+04 
       2.458910167727e-02       2.382319663860e+04 
       2.472362151260e-02       2.375991291437e+04 
       2.485827984814e-02       2.369602371899e+04 
       2.499307966821e-02       2.363164334121e+04 
       2.512802403062e-02       2.356667475387e+04 
       2.526311606863e-02       2.350119238645e+04 
       2.539835899303e-02       2.343513998401e+04 
       2.553375609422e-02       2.336864153442e+04 
       2.566931074444e-02       2.330157613223e+04 
       2.580502640002e-02       2.323410605300e+04 
       2.594090660369e-02       2.316611758147e+04 
       2.607695498706e-02       2.309766465369e+04 
       2.621317527309e-02       2.302879101024e+04 
       2.634957127870e-02       2.295949776657e+04 
       2.648614691742e-02       2.288974641603e+04 
       2.662290620223e-02       2.281961191041e+04 
       2.675985324837e-02       2.274905483037e+04 
       2.689699227637e-02       2.267813596666e+04 
       2.703432761512e-02       2.260683987461e+04 
       2.717186370505e-02       2.253515394138e+04 
       2.730960510149e-02       2.246313253548e+04 
       2.744755647805e-02       2.239079348484e+04 
       2.758572263023e-02       2.231808836590e+04 
       2.772410847911e-02       2.224507595667e+04 
       2.786271907513e-02       2.217176327980e+04 
       2.800155960216e-02       2.209817959713e+04 
       2.814063538155e-02       2.202423058993e+04 
       2.827995187645e-02       2.195003785408e+04 
       2.841951469629e-02       2.187558079449e+04 
       2.855932960135e-02       2.180085590573e+04 
       2.869940250761e-02       2.172586750128e+04 
       2.883973949172e-02       2.165066157875e+04 
       2.898034679622e-02       2.157522905314e+04 
       2.912123083494e-02       2.149958875901e+04 
       2.926239819861e-02       2.142363777429e+04 
       2.940385566071e-02       2.134760889313e+04 
       2.954561018357e-02       2.127128459517e+04 
       2.968766892472e-02       2.119479222206e+04 
       2.983003924349e-02       2.111816067197e+04 
       2.997272870790e-02       2.104133108925e+04 
       3.011574510183e-02       2.096432869373e+04 
       3.025909643252e-02       2.088718807434e+04 
       3.040279093836e-02       2.080985761243e+04 
       3.054683709707e-02       2.073248324439e+04 
       3.069124363419e-02       2.065485709034e+04 
       3.083601953196e-02       2.057711546465e+04 
       3.098117403861e-02       2.049939602954e+04 
       3.112671667805e-02       2.042143045054e+04 
       3.127265726003e-02       2.034340859208e+04 
       3.141900589076e-02       2.026522459912e+04 
       3.156577298395e-02       2.018697140823e+04 
       3.171296927252e-02       2.010865849897e+04 
       3.186060582069e-02       2.003031280635e+04 
       3.200869403678e-02       1.995177163280e+04 
       3.215724568654e-02       1.987324765620e+04 
       3.230627290721e-02       1.979458815680e+04 
       3.245578822215e-02       1.971593203644e+04 
       3.260580455636e-02       1.963724251232e+04 
       3.275633525262e-02       1.955840969600e+04 
       3.290739408851e-02       1.947958923879e+04 
       3.305899529437e-02       1.940072917482e+04 
       3.321115357202e-02       1.932185236459e+04 
       3.336388411466e-02       1.924288398532e+04 
       3.351720262761e-02       1.916397000835e+04 
       3.367112535036e-02       1.908497100705e+04 
       3.382566907961e-02       1.900597079260e+04 
       3.398085119373e-02       1.892696581127e+04 
       3.413668967845e-02       1.884788695046e+04 
       3.429320315403e-02       1.876887837740e+04 
       3.445041090397e-02       1.868988393629e+04 
       3.460833290528e-02       1.861075429630e+04 
       3.476698986058e-02       1.853176740449e+04 
       3.492640323201e-02       1.845272781437e+04 
       3.508659527713e-02       1.837372102312e+04 
       3.524758908699e-02       1.829467492903e+04 
       3.540940862645e-02       1.821564694096e+04 
       3.557207877702e-02       1.813664935433e+04 
       3.573562538222e-02       1.805762881330e+04 
       3.590007529592e-02       1.797865093730e+04 
       3.606545643360e-02       1.789967218272e+04 
       3.623179782697e-02       1.782074518934e+04 
       3.639912968207e-02       1.774186741010e+04 
       3.656748344122e-02       1.766289731491e+04 
       3.673689184906e-02       1.758401170379e+04 
       3.690738902304e-02       1.750522171835e+04 
       3.707901052868e-02       1.742629072400e+04 
       3.725179346006e-02       1.734744579521e+04 
       3.742577652594e-02       1.726862531855e+04 
       3.760100014198e-02       1.718984279480e+04 
       3.777750652956e-02       1.711106728360e+04 
       3.795533982186e-02       1.703228783722e+04 
       3.813454617772e-02       1.695357794965e+04 
       3.831517390411e-02       1.687480697939e+04 
       3.849727358783e-02       1.679606217398e+04 
       3.868089823749e-02       1.671732514694e+04 
       3.886610343647e-02       1.663858007284e+04 
       3.905294750820e-02       1.655985239605e+04 
       3.924149169468e-02       1.648112070309e+04 
       3.943180034970e-02       1.640243446803e+04 
       3.962394114811e-02       1.632367924876e+04 
       3.981798531288e-02       1.624496011429e+04 
       4.001400786162e-02       1.616615095758e+04 
       4.021208787471e-02       1.608735218256e+04 
       4.041230878727e-02       1.600852675137e+04 
       4.061475870747e-02       1.592968238231e+04 
       4.081953076426e-02       1.585076199715e+04 
       4.102672348749e-02       1.577179991198e+04 
       4.123644122440e-02       1.569280344347e+04 
       4.144879459644e-02       1.561373156357e+04 
       4.166390100120e-02       1.553459151750e+04 
       4.188188516495e-02       1.545532995604e+04 
       4.210287975179e-02       1.537599280163e+04 
       4.232702603651e-02       1.529657992617e+04 
       4.255447464920e-02       1.521704556495e+04 
       4.278538640087e-02       1.513736568364e+04 
       4.301993320061e-02       1.505759161802e+04 
       4.325829907677e-02       1.497763632161e+04 
       4.350068131618e-02       1.489753084729e+04 
       4.374729173802e-02       1.481722524464e+04 
       4.399835812155e-02       1.473674188453e+04 
       4.425412581005e-02       1.465602116700e+04 
       4.451485951733e-02       1.457505828080e+04 
       4.478084536758e-02       1.449386821695e+04 
       4.505239320500e-02       1.441237440563e+04 
       4.532983921613e-02       1.433059474136e+04 
       4.561354891610e-02       1.424846583239e+04 
       4.590392055934e-02       1.416606825495e+04 
       4.620138904776e-02       1.408318176129e+04 
       4.650643042343e-02       1.399987510933e+04 
       4.681956705097e-02       1.391617889041e+04 
       4.714137361695e-02       1.383193734572e+04 
       4.747248410068e-02       1.374720108618e+04 
       4.781359990507e-02       1.366184826246e+04 
       4.816549937861e-02       1.357589177341e+04 
       4.852904901268e-02       1.348923310152e+04 
       4.890521666577e-02       1.340177696048e+04 
       4.929508725078e-02       1.331358294420e+04 
       4.969988142932e-02       1.322439974724e+04 
       5.012097799357e-02       1.313424659175e+04 
       5.055994079058e-02       1.304296842208e+04 
       5.101855126621e-02       1.295048649137e+04 
       5.149884798847e-02       1.285666130583e+04 
       5.200317486926e-02       1.276132104148e+04 
       5.253424025447e-02       1.266426610441e+04 
       5.309518961196e-02       1.256528749175e+04 
       5.368969522135e-02       1.246413448317e+04 
       5.432206704456e-02       1.236045811844e+04 
       5.499738976306e-02       1.225386469648e+04 
       5.572169162547e-02       1.214385101524e+04 
       5.650215084136e-02       1.202981560642e+04 
       5.734734391137e-02       1.191084201255e+04 
       5.826753576175e-02       1.178598247190e+04 
       5.927500057871e-02       1.165375896423e+04 
       6.038433903526e-02       1.151226592065e+04 
       6.161271304303e-02       1.135898063981e+04 
       6.297984178053e-02       1.119042870174e+04 
       6.450748683509e-02       1.100203227819e+04 
       6.621802571515e-02       1.078785465363e+04 
       6.813168259774e-02       1.054068974984e+04 
       7.026229803273e-02       1.025264155729e+04 
       7.261244013701e-02       9.916654279382e+03 
       7.516996243718e-02       9.529007218824e+03 
       7.790853112740e-02       9.091806305008e+03 
       8.079279990686e-02       8.614409834652e+03 
       8.378581555384e-02       8.112559632594e+03 
       8.685505228398e-02       7.605713230857e+03 
       8.997521235248e-02       7.113681624930e+03 
       9.312825736709e-02       6.653727672980e+03 
       9.630205971123e-02       6.238729297254e+03 
       9.948877333912e-02       5.876370941674e+03 
       1.026834450330e-01       5.569272964357e+03 
       1.058829953154e-01       5.315544572227e+03 
       1.090855275855e-01       5.109704533131e+03 
       1.122898804048e-01       4.943646074105e+03 
       1.154953449269e-01       4.807616311035e+03 
       1.187014893433e-01       4.691154670056e+03 
       1.219080508417e-01       4.584034731749e+03 
       1.251148694899e-01       4.477130659076e+03 
       1.283218479144e-01       4.363181058548e+03 
       1.315289267609e-01       4.237365197096e+03 
       1.347360697773e-01       4.097541980698e+03 
       1.379432547520e-01       3.944207582545e+03 
       1.411504680112e-01       3.780081516232e+03 
       1.443577010777e-01       3.609499936636e+03 
       1.475649486422e-01       3.437663986960e+03 
       1.507722073305e-01       3.269923424450e+03 
       1.539794749547e-01       3.111118462684e+03 
       1.571867500577e-01       2.965147807195e+03 
       1.603940316355e-01       2.834646250379e+03 
       1.636013189685e-01       2.720901762659e+03 
       1.668086115175e-01       2.623887943888e+03 
       1.700159088602e-01       2.542421997872e+03 
       1.732232106525e-01       2.474391566370e+03 
       1.764305166035e-01       2.417038582574e+03 
       1.796378264605e-01       2.367236129736e+03 
       1.828451399992e-01       2.322087082747e+03 
       1.860524570172e-01       2.278944843311e+03 
       1.892597773299e-01       2.234191604676e+03 
       1.924671007673e-01       2.185914032531e+03 
       1.956744271723e-01       2.133136237937e+03 
       1.988817563987e-01       2.075725188835e+03 
       2.020890883103e-01       2.014241575146e+03 
       2.052964227796e-01       1.949717913018e+03 
       2.085037596875e-01       1.883514631498e+03 
       2.117110989221e-01       1.817145751598e+03 
       2.149184403784e-01       1.752175459766e+03 
       2.181257839575e-01       1.690093476496e+03 
       2.213331295665e-01       1.632146688982e+03 
       2.245404771178e-01       1.579249643308e+03 
       2.277478265286e-01       1.531849194258e+03 
       2.309551777210e-01       1.489931489704e+03 
       2.341625306213e-01       1.453082662216e+03 
       2.373698851598e-01       1.420589070363e+03 
       2.405772412704e-01       1.391573167959e+03 
       2.437845988908e-01       1.365104341009e+03 
       2.469919579618e-01       1.340268149818e+03 
       2.501993184272e-01       1.316213347479e+03 
       2.534066802338e-01       1.292170957824e+03 
       2.566140433308e-01       1.267504107625e+03 
       2.598214076704e-01       1.241747296755e+03 
       2.630287732066e-01       1.214668740579e+03 
       2.662361398961e-01       1.186292517135e+03 
       2.694435076974e-01       1.156898625752e+03 
       2.726508765710e-01       1.126954367162e+03 
       2.758582464793e-01       1.097018954043e+03 
       2.790656173864e-01       1.067639312855e+03 
       2.822729892581e-01       1.039302807432e+03 
       2.854803620618e-01       1.012362350661e+03 
       2.886877357660e-01       9.870625739652e+02 
       2.918951103411e-01       9.635420546800e+02 
       2.951024857585e-01       9.418494502202e+02 
       2.983098619908e-01       9.219412276531e+02 
       3.015172390119e-01       9.036811048918e+02 
       3.047246167968e-01       8.868361737314e+02 
       3.079319953214e-01       8.710956531001e+02 
       3.111393745628e-01       8.561092235573e+02 
       3.143467544990e-01       8.415336253448e+02 
       3.175541351088e-01       8.270867132322e+02 
       3.207615163718e-01       8.125698202175e+02 
       3.239688982686e-01       7.978734634308e+02 
       3.271762807804e-01       7.829683433031e+02 
       3.303836638893e-01       7.678691158414e+02 
       3.335910475779e-01       7.526256019112e+02 
       3.367984318296e-01       7.373120144767e+02 
       3.400058166284e-01       7.220355388008e+02 
       3.432132019589e-01       7.069283328746e+02 
       3.464205878062e-01       6.921444058669e+02 
       3.496279741560e-01       6.778432508268e+02 
       3.528353609947e-01       6.641547561599e+02 
       3.560427483089e-01       6.511587421715e+02 
       3.592501360858e-01       6.388748858138e+02 
       3.624575243131e-01       6.272670647219e+02 
       3.656649129788e-01       6.162644072491e+02 
       3.688723020716e-01       6.057835766008e+02 
       3.720796915803e-01       5.957437610285e+02 
       3.752870814941e-01       5.860690169690e+02 
       3.784944718029e-01       5.766836469609e+02 
       3.817018624964e-01       5.675135702475e+02 
       3.849092535652e-01       5.584792526658e+02 
       3.881166449998e-01       5.495083988394e+02 
       3.913240367913e-01       5.405504220858e+02 
       3.945314289308e-01       5.315861584936e+02 
       3.977388214100e-01       5.226316749465e+02 
       4.009462142206e-01       5.137293702090e+02 
       4.041536073548e-01       5.049308851081e+02 
       4.073610008048e-01       4.962837340467e+02 
       4.105683945632e-01       4.878160127433e+02 
       4.137757886229e-01       4.795497452928e+02 
       4.169831829768e-01       4.714955435716e+02 
       4.201905776181e-01       4.636666344468e+02 
       4.233979725405e-01       4.560818049980e+02 
       4.266053677373e-01       4.487582157699e+02 
       4.298127632026e-01       4.417048929066e+02 
       4.330201589302e-01       4.349136536692e+02 
       4.362275549145e-01       4.283588110301e+02 
       4.394349511497e-01       4.220011340154e+02 
       4.426423476305e-01       4.158007261751e+02 
       4.458497443513e-01       4.097254588218e+02 
       4.490571413072e-01       4.037565022875e+02 
       4.522645384931e-01       3.978852906260e+02 
       4.554719359041e-01       3.921074538377e+02 
       4.586793335354e-01       3.864153316155e+02 
       4.618867313826e-01       3.807966351259e+02 
       4.650941294410e-01       3.752375411335e+02 
       4.683015277063e-01       3.697306334418e+02 
       4.715089261743e-01       3.642793944769e+02 
       4.747163248409e-01       3.588996794924e+02 
       4.779237237021e-01       3.536148000174e+02 
       4.811311227539e-01       3.484467078549e+02 
       4.843385219925e-01       3.434087073423e+02 
       4.875459214144e-01       3.385030060103e+02 
       4.907533210157e-01       3.337229440355e+02 
       4.939607207931e-01       3.290593153300e+02 
       4.971681207432e-01       3.245057756027e+02 
       5.003755208625e-01       3.200616445189e+02 
       5.035829211479e-01       3.157277330947e+02 
       5.067903215962e-01       3.115028937194e+02 
       5.099977222042e-01       3.073788887024e+02 
       5.132051229691e-01       3.033403227815e+02 
       5.164125238879e-01       2.993689360091e+02 
       5.196199249576e-01       2.954492703382e+02 
       5.228273261756e-01       2.915738072485e+02 
       5.260347275391e-01       2.877442129905e+02 
       5.292421290454e-01       2.839683745396e+02 
       5.324495306920e-01       2.802540546507e+02 
       5.356569324763e-01       2.766052996948e+02 
       5.388643343959e-01       2.730199987848e+02 
       5.420717364483e-01       2.694929019823e+02 
       5.452791386313e-01       2.660197391556e+02 
       5.484865409425e-01       2.626009490450e+02 
       5.516939433796e-01       2.592418780406e+02 
       5.549013459405e-01       2.559510544143e+02 
       5.581087486230e-01       2.527336194509e+02 
       5.613161514251e-01       2.495901775775e+02 
       5.645235543447e-01       2.465141990179e+02 
       5.677309573798e-01       2.434963380520e+02 
       5.709383605285e-01       2.405281201414e+02 
       5.741457637888e-01       2.376055231712e+02 
       5.773531671589e-01       2.347297558400e+02 
       5.805605706369e-01       2.319046084967e+02 
       5.837679742211e-01       2.291325972600e+02 
       5.869753779097e-01       2.264123195566e+02 
       5.901827817011e-01       2.237378531194e+02 
       5.933901855935e-01       2.211011817227e+02 
       5.965975895853e-01       2.184966310014e+02 
       5.998049936749e-01       2.159226790353e+02 
       6.030123978608e-01       2.133832844030e+02 
       6.062198021414e-01       2.108841437517e+02 
       6.094272065152e-01       2.084298191158e+02 
       6.126346109808e-01       2.060215395852e+02 
       6.158420155367e-01       2.036555600326e+02 
       6.190494201815e-01       2.013267686707e+02 
       6.222568249138e-01       1.990309644801e+02 
       6.254642297323e-01       1.967676069423e+02 
       6.286716346356e-01       1.945394821065e+02 
       6.318790396225e-01       1.923509867233e+02 
       6.350864446917e-01       1.902046174473e+02 
       6.382938498420e-01       1.880994472081e+02 
       6.415012550720e-01       1.860307709824e+02 
       6.447086603807e-01       1.839922520119e+02 
       6.479160657669e-01       1.819793979097e+02 
       6.511234712294e-01       1.799908895777e+02 
       6.543308767671e-01       1.780290886313e+02 
       6.575382823788e-01       1.760980099443e+02 
       6.607456880636e-01       1.742000024349e+02 
       6.639530938203e-01       1.723343636567e+02 
       6.671604996480e-01       1.704976814249e+02 
       6.703679055455e-01       1.686853272583e+02 
       6.735753115119e-01       1.668940475269e+02 
       6.767827175462e-01       1.651237835655e+02 
       6.799901236474e-01       1.633775341790e+02 
       6.831975298146e-01       1.616589629725e+02 
       6.864049360469e-01       1.599706869113e+02 
       6.896123423434e-01       1.583119704181e+02 
       6.928197487031e-01       1.566796254495e+02 
       6.960271551252e-01       1.550694199795e+02 
       6.992345616089e-01       1.534783954965e+02 
       7.024419681532e-01       1.519062856731e+02 
       7.056493747574e-01       1.503555126277e+02 
       7.088567814206e-01       1.488292178151e+02 
       7.120641881420e-01       1.473289868331e+02 
       7.152715949210e-01       1.458538153710e+02 
       7.184790017565e-01       1.444003916832e+02 
       7.216864086481e-01       1.429648563761e+02 
       7.248938155948e-01       1.415447505516e+02 
       7.281012225959e-01       1.401400679278e+02 
       7.313086296508e-01       1.387532239360e+02 
       7.345160367587e-01       1.373871634682e+02 
       7.377234439190e-01       1.360434318500e+02 
       7.409308511308e-01       1.347213473923e+02 
       7.441382583937e-01       1.334180433278e+02 
       7.473456657069e-01       1.321303048996e+02 
       7.505530730698e-01       1.308561138053e+02 
       7.537604804818e-01       1.295958535743e+02 
       7.569678879421e-01       1.283517539065e+02 
       7.601752954503e-01       1.271262945076e+02 
       7.633827030056e-01       1.259208354621e+02 
       7.665901106076e-01       1.247345053566e+02 
       7.697975182556e-01       1.235645697181e+02 
       7.730049259490e-01       1.224079950004e+02 
       7.762123336873e-01       1.212631250126e+02 
       7.794197414700e-01       1.201302383264e+02 
       7.826271492964e-01       1.190114769477e+02 
       7.858345571661e-01       1.179090726898e+02 
       7.890419650785e-01       1.168241460282e+02 
       7.922493730331e-01       1.157556573725e+02 
       7.954567810294e-01       1.147011330446e+02 
       7.986641890668e-01       1.136580126389e+02 
       8.018715971450e-01       1.126248289638e+02 
       8.050790052634e-01       1.116021942784e+02 
       8.082864134214e-01       1.105919405766e+02 
       8.114938216188e-01       1.095961979182e+02 
       8.147012298549e-01       1.086158383504e+02 
       8.179086381293e-01       1.076500096149e+02 
       8.211160464416e-01       1.066963992196e+02 
       8.243234547914e-01       1.057526647109e+02 
       8.275308631781e-01       1.048177328433e+02 
       8.307382716015e-01       1.038921478336e+02 
       8.339456800609e-01       1.029777983151e+02 
       8.371530885561e-01       1.020763951520e+02 
       8.403604970867e-01       1.011887878719e+02 
       8.435679056521e-01       1.003139086729e+02 
       8.467753142520e-01       9.944965014728e+01 
       9.608221463351e-01       7.433369628256e+01 
       1.145004577277e+00       4.935465271144e+01 
       1.425767354928e+00       2.932733204808e+01 
       1.794118968012e+00       1.684432533200e+01 
       2.258652971843e+00       9.582680121696e+00 
       2.843475605115e+00       5.410609105647e+00 
       3.579723697092e+00       3.034192361300e+00 
       4.506605129470e+00       1.691084592643e+00 
       5.673479718412e+00       9.372465903112e-01 
       7.142487790808e+00       5.168200099061e-01 
