# Matter power spectrum P(k) at redshift z=0
# for k=1.04207e-05 to 7.14249 h/Mpc,
# number of wavenumbers equal to 639
#    1:k (h/Mpc)              2:P (Mpc/h)^3        
       1.042074545152e-05       4.834764125081e+01 
       2.327567964668e-05       1.050814829365e+02 
       3.617561717612e-05       1.608903452011e+02 
       4.915512597041e-05       2.163470615861e+02 
       6.224934323933e-05       2.717815518167e+02 
       7.549428752096e-05       3.274435299090e+02 
       8.892718066764e-05       3.835480607622e+02 
       1.025867840357e-04       4.402944610624e+02 
       1.165137531779e-04       4.978758768999e+02 
       1.307510153722e-04       5.564850789163e+02 
       1.453441743253e-04       6.163186401149e+02 
       1.603419463355e-04       6.775801961715e+02 
       1.757966320217e-04       7.404832123078e+02 
       1.917646273718e-04       8.052534846788e+02 
       2.083069772164e-04       8.721316244222e+02 
       2.254899731890e-04       9.413755121425e+02 
       2.433857966059e-04       1.013262989368e+03 
       2.620732042917e-04       1.088093719995e+03 
       2.816382519067e-04       1.166192411997e+03 
       3.021750444948e-04       1.247910868081e+03 
       3.237864973836e-04       1.333630577159e+03 
       3.465850818369e-04       1.423764784376e+03 
       3.706935186177e-04       1.518760282231e+03 
       3.962453686033e-04       1.619098694169e+03 
       4.233854528142e-04       1.725296910043e+03 
       4.522700151718e-04       1.837906043664e+03 
       4.830665212753e-04       1.957509305180e+03 
       5.159529679278e-04       2.084717148730e+03 
       5.511165650117e-04       2.220160485749e+03 
       5.887516492798e-04       2.364480384702e+03 
       6.290567058962e-04       2.518314419640e+03 
       6.722304159292e-04       2.682279780746e+03 
       7.184667229350e-04       2.856952094614e+03 
       7.679490213574e-04       3.042842424462e+03 
       8.208437077036e-04       3.240371741398e+03 
       8.772934852100e-04       3.449845938655e+03 
       9.374109452767e-04       3.671432663451e+03 
       1.001273028386e-03       3.905144019578e+03 
       1.068916959950e-03       4.150824110752e+03 
       1.140338144261e-03       4.408148223220e+03 
       1.215490290275e-03       4.676628285077e+03 
       1.294287772950e-03       4.955629273977e+03 
       1.376609959948e-03       5.244391742581e+03 
       1.462307014391e-03       5.542063063072e+03 
       1.551206561799e-03       5.847718869796e+03 
       1.643120596178e-03       6.160394083380e+03 
       1.737852080844e-03       6.479112592666e+03 
       1.835200839511e-03       6.802909559425e+03 
       1.934968493495e-03       7.130852883961e+03 
       2.036962349406e-03       7.462056465431e+03 
       2.140998258650e-03       7.795690580655e+03 
       2.246902548591e-03       8.130986611877e+03 
       2.354513167637e-03       8.467240258193e+03 
       2.463680200365e-03       8.803811505696e+03 
       2.574265903132e-03       9.140123716416e+03 
       2.686144393533e-03       9.475660962690e+03 
       2.799201105028e-03       9.809963180294e+03 
       2.913332095218e-03       1.014262167438e+04 
       3.028443275199e-03       1.047327436416e+04 
       3.144449609409e-03       1.080160237796e+04 
       3.261274320636e-03       1.112732525559e+04 
       3.378848123399e-03       1.145019848828e+04 
       3.497108500200e-03       1.177000966785e+04 
       3.615999028797e-03       1.208657218838e+04 
       3.735468764111e-03       1.239972495042e+04 
       3.855471675280e-03       1.270932834218e+04 
       3.975966136338e-03       1.301526472747e+04 
       4.096914467711e-03       1.331743368665e+04 
       4.218282525000e-03       1.361575032475e+04 
       4.340039331212e-03       1.391014338277e+04 
       4.462156748480e-03       1.420055347216e+04 
       4.584609185435e-03       1.448693345411e+04 
       4.707373336581e-03       1.476924451764e+04 
       4.830427950256e-03       1.504745421416e+04 
       4.953753622085e-03       1.532155366861e+04 
       5.077332611070e-03       1.559151845288e+04 
       5.201148675776e-03       1.585734005845e+04 
       5.325186928340e-03       1.611901373704e+04 
       5.449433704249e-03       1.637654097935e+04 
       5.573876446102e-03       1.662992705416e+04 
       5.698503599749e-03       1.687918154437e+04 
       5.823304521390e-03       1.712431618439e+04 
       5.948269394385e-03       1.736534603099e+04 
       6.073389154695e-03       1.760228914240e+04 
       6.198655423946e-03       1.783516509650e+04 
       6.324060449299e-03       1.806399656477e+04 
       6.449597049348e-03       1.828880875114e+04 
       6.575258565384e-03       1.850962517579e+04 
       6.701038817448e-03       1.872647396098e+04 
       6.826932064642e-03       1.893938391697e+04 
       6.952932969257e-03       1.914838306988e+04 
       7.079036564289e-03       1.935350075922e+04 
       7.205238224011e-03       1.955476769421e+04 
       7.331533637267e-03       1.975221934421e+04 
       7.457918783209e-03       1.994588119239e+04 
       7.584389909239e-03       2.013578883902e+04 
       7.710943510916e-03       2.032197479840e+04 
       7.837576313644e-03       2.050447021290e+04 
       7.964285255966e-03       2.068331109229e+04 
       8.091067474294e-03       2.085853065895e+04 
       8.217920288951e-03       2.103016276890e+04 
       8.344841191396e-03       2.119824106624e+04 
       8.471827832507e-03       2.136279998797e+04 
       8.598878011848e-03       2.152387639712e+04 
       8.725989667799e-03       2.168149567775e+04 
       8.853160868501e-03       2.183569911303e+04 
       8.980389803518e-03       2.198651722134e+04 
       9.107674776158e-03       2.213398453827e+04 
       9.235014196412e-03       2.227814007094e+04 
       9.362406574423e-03       2.241901267380e+04 
       9.489850514476e-03       2.255663023291e+04 
       9.617344709438e-03       2.269103928369e+04 
       9.744887935619e-03       2.282225404248e+04 
       9.872479048024e-03       2.295032501187e+04 
       1.000011697596e-02       2.307528365779e+04 
       1.012780071894e-02       2.319714992132e+04 
       1.025552934295e-02       2.331596574497e+04 
       1.038330197691e-02       2.343176523070e+04 
       1.051111780946e-02       2.354457139802e+04 
       1.063897608593e-02       2.365442090214e+04 
       1.076687610554e-02       2.376134672091e+04 
       1.089481721880e-02       2.386538314871e+04 
       1.102279882511e-02       2.396655563397e+04 
       1.115082037053e-02       2.406489657285e+04 
       1.127888134562e-02       2.416043119878e+04 
       1.140698128360e-02       2.425320313810e+04 
       1.153511975847e-02       2.434323997969e+04 
       1.166329638336e-02       2.443055201020e+04 
       1.179151080895e-02       2.451518553546e+04 
       1.191976272205e-02       2.459717619359e+04 
       1.204805184421e-02       2.467654215884e+04 
       1.217637793049e-02       2.475330616998e+04 
       1.230474076829e-02       2.482751463043e+04 
       1.243314017624e-02       2.489918632542e+04 
       1.256157600321e-02       2.496835261537e+04 
       1.269004812738e-02       2.503504946336e+04 
       1.281855645537e-02       2.509928872944e+04 
       1.294710092141e-02       2.516110633529e+04 
       1.307568148662e-02       2.522053340061e+04 
       1.320429813832e-02       2.527759408957e+04 
       1.333295088939e-02       2.533231554091e+04 
       1.346163977768e-02       2.538472331958e+04 
       1.359036486548e-02       2.543483670658e+04 
       1.371912623900e-02       2.548270144658e+04 
       1.384792400797e-02       2.552832395290e+04 
       1.397675830518e-02       2.557174272383e+04 
       1.410562928612e-02       2.561299030681e+04 
       1.423453712866e-02       2.565207569760e+04 
       1.436348203270e-02       2.568903096981e+04 
       1.449246421995e-02       2.572388113947e+04 
       1.462148393366e-02       2.575666155873e+04 
       1.475054143843e-02       2.578737601181e+04 
       1.487963701999e-02       2.581606563108e+04 
       1.500877098507e-02       2.584275806156e+04 
       1.513794366129e-02       2.586746779059e+04 
       1.526715539701e-02       2.589021902677e+04 
       1.539640656128e-02       2.591104997170e+04 
       1.552569754378e-02       2.592996585772e+04 
       1.565502875478e-02       2.594699628266e+04 
       1.578440062512e-02       2.596218190320e+04 
       1.591381360623e-02       2.597553027013e+04 
       1.604326817018e-02       2.598706138938e+04 
       1.617276480966e-02       2.599680484615e+04 
       1.630230403812e-02       2.600479120877e+04 
       1.643188638984e-02       2.601102643306e+04 
       1.656151241999e-02       2.601555299536e+04 
       1.669118270482e-02       2.601837763312e+04 
       1.682089784176e-02       2.601951762926e+04 
       1.695065844960e-02       2.601900949243e+04 
       1.708046516865e-02       2.601688814650e+04 
       1.721031866094e-02       2.601315343280e+04 
       1.734021961044e-02       2.600782691792e+04 
       1.747016872328e-02       2.600093800619e+04 
       1.760016672800e-02       2.599250369004e+04 
       1.773021437580e-02       2.598255395921e+04 
       1.786031244084e-02       2.597110485902e+04 
       1.799046172052e-02       2.595817361634e+04 
       1.812066303577e-02       2.594379853049e+04 
       1.825091723144e-02       2.592796957394e+04 
       1.838122517657e-02       2.591072425615e+04 
       1.851158776480e-02       2.589209609591e+04 
       1.864200591475e-02       2.587207790386e+04 
       1.877248057037e-02       2.585070837198e+04 
       1.890301270142e-02       2.582802064331e+04 
       1.903360330383e-02       2.580404132212e+04 
       1.916425340020e-02       2.577869460110e+04 
       1.929496404023e-02       2.575211080955e+04 
       1.942573630125e-02       2.572427978546e+04 
       1.955657128865e-02       2.569520805966e+04 
       1.968747013645e-02       2.566491541857e+04 
       1.981843400785e-02       2.563342398045e+04 
       1.994946409575e-02       2.560076497201e+04 
       2.008056162334e-02       2.556693136370e+04 
       2.021172784470e-02       2.553197145410e+04 
       2.034296404542e-02       2.549588364266e+04 
       2.047427154326e-02       2.545869332806e+04 
       2.060565168875e-02       2.542039707007e+04 
       2.073710586594e-02       2.538106523995e+04 
       2.086863549305e-02       2.534065200076e+04 
       2.100024202323e-02       2.529922142794e+04 
       2.113192694532e-02       2.525681353173e+04 
       2.126369178457e-02       2.521335334453e+04 
       2.139553810349e-02       2.516894621913e+04 
       2.152746750267e-02       2.512356720938e+04 
       2.165948162160e-02       2.507723596114e+04 
       2.179158213958e-02       2.502996766481e+04 
       2.192377077661e-02       2.498184101222e+04 
       2.205604929432e-02       2.493278035448e+04 
       2.218841949695e-02       2.488283824993e+04 
       2.232088323231e-02       2.483205051328e+04 
       2.245344239284e-02       2.478037275970e+04 
       2.258609891665e-02       2.472797377165e+04 
       2.271885478860e-02       2.467467419015e+04 
       2.285171204145e-02       2.462059252028e+04 
       2.298467275698e-02       2.456574736734e+04 
       2.311773906721e-02       2.451012504338e+04 
       2.325091315565e-02       2.445377771059e+04 
       2.338419725851e-02       2.439665802225e+04 
       2.351759366607e-02       2.433885145585e+04 
       2.365110472401e-02       2.428024444470e+04 
       2.378473283481e-02       2.422114121046e+04 
       2.391848045918e-02       2.416119916727e+04 
       2.405235011755e-02       2.410065668563e+04 
       2.418634439161e-02       2.403946791945e+04 
       2.432046592589e-02       2.397761781666e+04 
       2.445471742939e-02       2.391520660348e+04 
       2.458910167727e-02       2.385214388034e+04 
       2.472362151260e-02       2.378853021585e+04 
       2.485827984814e-02       2.372429082603e+04 
       2.499307966821e-02       2.365953275981e+04 
       2.512802403062e-02       2.359416615958e+04 
       2.526311606863e-02       2.352835062632e+04 
       2.539835899303e-02       2.346194589534e+04 
       2.553375609422e-02       2.339509515254e+04 
       2.566931074444e-02       2.332772784767e+04 
       2.580502640002e-02       2.325984990029e+04 
       2.594090660369e-02       2.319151073807e+04 
       2.607695498706e-02       2.312270062218e+04 
       2.621317527309e-02       2.305344098270e+04 
       2.634957127870e-02       2.298378878635e+04 
       2.648614691742e-02       2.291367037821e+04 
       2.662290620223e-02       2.284316972094e+04 
       2.675985324837e-02       2.277224468093e+04 
       2.689699227637e-02       2.270093191998e+04 
       2.703432761512e-02       2.262926986195e+04 
       2.717186370505e-02       2.255721595074e+04 
       2.730960510149e-02       2.248482317680e+04 
       2.744755647805e-02       2.241210813627e+04 
       2.758572263023e-02       2.233902262031e+04 
       2.772410847911e-02       2.226563588346e+04 
       2.786271907513e-02       2.219191074932e+04 
       2.800155960216e-02       2.211792690188e+04 
       2.814063538155e-02       2.204363226007e+04 
       2.827995187645e-02       2.196904279705e+04 
       2.841951469629e-02       2.189420753006e+04 
       2.855932960135e-02       2.181909193954e+04 
       2.869940250761e-02       2.174372248274e+04 
       2.883973949172e-02       2.166811446434e+04 
       2.898034679622e-02       2.159227183343e+04 
       2.912123083494e-02       2.151620333638e+04 
       2.926239819861e-02       2.143994095595e+04 
       2.940385566071e-02       2.136342736252e+04 
       2.954561018357e-02       2.128674078581e+04 
       2.968766892472e-02       2.120982549967e+04 
       2.983003924349e-02       2.113280135762e+04 
       2.997272870790e-02       2.105556636201e+04 
       3.011574510183e-02       2.097816534911e+04 
       3.025909643252e-02       2.090061410263e+04 
       3.040279093836e-02       2.082290171661e+04 
       3.054683709707e-02       2.074500726497e+04 
       3.069124363419e-02       2.066705227497e+04 
       3.083601953196e-02       2.058891074356e+04 
       3.098117403861e-02       2.051069185180e+04 
       3.112671667805e-02       2.043233793653e+04 
       3.127265726003e-02       2.035389005719e+04 
       3.141900589076e-02       2.027531034070e+04 
       3.156577298395e-02       2.019667462429e+04 
       3.171296927252e-02       2.011789423499e+04 
       3.186060582069e-02       2.003909744286e+04 
       3.200869403678e-02       1.996013321126e+04 
       3.215724568654e-02       1.988119987745e+04 
       3.230627290721e-02       1.980207763474e+04 
       3.245578822215e-02       1.972289470481e+04 
       3.260580455636e-02       1.964381955322e+04 
       3.275633525262e-02       1.956460889403e+04 
       3.290739408851e-02       1.948541240018e+04 
       3.305899529437e-02       1.940601083629e+04 
       3.321115357202e-02       1.932670967196e+04 
       3.336388411466e-02       1.924726827834e+04 
       3.351720262761e-02       1.916786515928e+04 
       3.367112535036e-02       1.908849531135e+04 
       3.382566907961e-02       1.900910474842e+04 
       3.398085119373e-02       1.892956857692e+04 
       3.413668967845e-02       1.885011511263e+04 
       3.429320315403e-02       1.877062079346e+04 
       3.445041090397e-02       1.869120293316e+04 
       3.460833290528e-02       1.861160637232e+04 
       3.476698986058e-02       1.853213352625e+04 
       3.492640323201e-02       1.845265402333e+04 
       3.508659527713e-02       1.837313707953e+04 
       3.524758908699e-02       1.829364771817e+04 
       3.540940862645e-02       1.821421987724e+04 
       3.557207877702e-02       1.813466911414e+04 
       3.573562538222e-02       1.805531030420e+04 
       3.590007529592e-02       1.797588211321e+04 
       3.606545643360e-02       1.789639106441e+04 
       3.623179782697e-02       1.781700870019e+04 
       3.639912968207e-02       1.773765558354e+04 
       3.656748344122e-02       1.765830867525e+04 
       3.673689184906e-02       1.757893919853e+04 
       3.690738902304e-02       1.749959317107e+04 
       3.707901052868e-02       1.742025061494e+04 
       3.725179346006e-02       1.734098879401e+04 
       3.742577652594e-02       1.726166954460e+04 
       3.760100014198e-02       1.718243581847e+04 
       3.777750652956e-02       1.710312920969e+04 
       3.795533982186e-02       1.702396513939e+04 
       3.813454617772e-02       1.694475595758e+04 
       3.831517390411e-02       1.686549931240e+04 
       3.849727358783e-02       1.678632525989e+04 
       3.868089823749e-02       1.670711501217e+04 
       3.886610343647e-02       1.662789521661e+04 
       3.905294750820e-02       1.654872941109e+04 
       3.924149169468e-02       1.646955935442e+04 
       3.943180034970e-02       1.639035585454e+04 
       3.962394114811e-02       1.631111025026e+04 
       3.981798531288e-02       1.623189786530e+04 
       4.001400786162e-02       1.615263698701e+04 
       4.021208787471e-02       1.607337824503e+04 
       4.041230878727e-02       1.599411649576e+04 
       4.061475870747e-02       1.591474784761e+04 
       4.081953076426e-02       1.583539006780e+04 
       4.102672348749e-02       1.575596046388e+04 
       4.123644122440e-02       1.567647930514e+04 
       4.144879459644e-02       1.559690037085e+04 
       4.166390100120e-02       1.551731166208e+04 
       4.188188516495e-02       1.543758163791e+04 
       4.210287975179e-02       1.535780763583e+04 
       4.232702603651e-02       1.527794188966e+04 
       4.255447464920e-02       1.519792019841e+04 
       4.278538640087e-02       1.511777768576e+04 
       4.301993320061e-02       1.503748800193e+04 
       4.325829907677e-02       1.495706599019e+04 
       4.350068131618e-02       1.487650771542e+04 
       4.374729173802e-02       1.479576566942e+04 
       4.399835812155e-02       1.471477171693e+04 
       4.425412581005e-02       1.463358412528e+04 
       4.451485951733e-02       1.455217331954e+04 
       4.478084536758e-02       1.447051019680e+04 
       4.505239320500e-02       1.438856971584e+04 
       4.532983921613e-02       1.430629559076e+04 
       4.561354891610e-02       1.422374096938e+04 
       4.590392055934e-02       1.414083155493e+04 
       4.620138904776e-02       1.405749138764e+04 
       4.650643042343e-02       1.397378059138e+04 
       4.681956705097e-02       1.388959873427e+04 
       4.714137361695e-02       1.380491931818e+04 
       4.747248410068e-02       1.371971066182e+04 
       4.781359990507e-02       1.363389723866e+04 
       4.816549937861e-02       1.354747828150e+04 
       4.852904901268e-02       1.346036075357e+04 
       4.890521666577e-02       1.337249147576e+04 
       4.929508725078e-02       1.328382355919e+04 
       4.969988142932e-02       1.319419692778e+04 
       5.012097799357e-02       1.310365422476e+04 
       5.055994079058e-02       1.301200201163e+04 
       5.101855126621e-02       1.291902300146e+04 
       5.149884798847e-02       1.282481098004e+04 
       5.200317486926e-02       1.272908532027e+04 
       5.253424025447e-02       1.263165464715e+04 
       5.309518961196e-02       1.253231645009e+04 
       5.368969522135e-02       1.243079133194e+04 
       5.432206704456e-02       1.232683275103e+04 
       5.499738976306e-02       1.221989326259e+04 
       5.572169162547e-02       1.210959871737e+04 
       5.650215084136e-02       1.199531708064e+04 
       5.734734391137e-02       1.187616295780e+04 
       5.826753576175e-02       1.175115883545e+04 
       5.927500057871e-02       1.161883793899e+04 
       6.038433903526e-02       1.147733056781e+04 
       6.161271304303e-02       1.132412893559e+04 
       6.297984178053e-02       1.115572085168e+04 
       6.450748683509e-02       1.096760076243e+04 
       6.621802571515e-02       1.075379514680e+04 
       6.813168259774e-02       1.050705849108e+04 
       7.026229803273e-02       1.021943489174e+04 
       7.261244013701e-02       9.883793718726e+03 
       7.516996243718e-02       9.496244376250e+03 
       7.790853112740e-02       9.058788072420e+03 
       8.079279990686e-02       8.580651030819e+03 
       8.378581555384e-02       8.077598335264e+03 
       8.685505228398e-02       7.569131444652e+03 
       8.997521235248e-02       7.075227244102e+03 
       9.312825736709e-02       6.613341271979e+03 
       9.630205971123e-02       6.196540240286e+03 
       9.948877333912e-02       5.832701416548e+03 
       1.026834450330e-01       5.524561419378e+03 
       1.058829953154e-01       5.270327144056e+03 
       1.090855275855e-01       5.064561988105e+03 
       1.122898804048e-01       4.899155560753e+03 
       1.154953449269e-01       4.764307556706e+03 
       1.187014893433e-01       4.649477877017e+03 
       1.219080508417e-01       4.544303003644e+03 
       1.251148694899e-01       4.439508773532e+03 
       1.283218479144e-01       4.327669257154e+03 
       1.315289267609e-01       4.203787170784e+03 
       1.347360697773e-01       4.065606806978e+03 
       1.379432547520e-01       3.913525075213e+03 
       1.411504680112e-01       3.750224291932e+03 
       1.443577010777e-01       3.580057010233e+03 
       1.475649486422e-01       3.408286423588e+03 
       1.507722073305e-01       3.240341900353e+03 
       1.539794749547e-01       3.081181825536e+03 
       1.571867500577e-01       2.934796442634e+03 
       1.603940316355e-01       2.803923476950e+03 
       1.636013189685e-01       2.689923172551e+03 
       1.668086115175e-01       2.592831204010e+03 
       1.700159088602e-01       2.511497978924e+03 
       1.732232106525e-01       2.443827809748e+03 
       1.764305166035e-01       2.387054929208e+03 
       1.796378264605e-01       2.338028235021e+03 
       1.828451399992e-01       2.294690451457e+03 
       1.860524570172e-01       2.256255011259e+03 
       1.892597773299e-01       2.215133192319e+03 
       1.924671007673e-01       2.168047138349e+03 
       1.956744271723e-01       2.114162263042e+03 
       1.988817563987e-01       2.054765176643e+03 
       2.020890883103e-01       1.992120254380e+03 
       2.052964227796e-01       1.928260724471e+03 
       2.085037596875e-01       1.864316521196e+03 
       2.117110989221e-01       1.800603409454e+03 
       2.149184403784e-01       1.737333508674e+03 
       2.181257839575e-01       1.675253523750e+03 
       2.213331295665e-01       1.615875601095e+03 
       2.245404771178e-01       1.561118551538e+03 
       2.277478265286e-01       1.512575103703e+03 
       2.309551777210e-01       1.470868044262e+03 
       2.341625306213e-01       1.435410624871e+03 
       2.373698851598e-01       1.404699445177e+03 
       2.405772412704e-01       1.376942461008e+03 
       2.437845988908e-01       1.350701118138e+03 
       2.469919579618e-01       1.325212938200e+03 
       2.501993184272e-01       1.300292164902e+03 
       2.534066802338e-01       1.275934205943e+03 
       2.566140433308e-01       1.251892957428e+03 
       2.598214076704e-01       1.227533065265e+03 
       2.630287732066e-01       1.202015438295e+03 
       2.662361398961e-01       1.174680969023e+03 
       2.694435076974e-01       1.145475711453e+03 
       2.726508765710e-01       1.115010494001e+03 
       2.758582464793e-01       1.084362474759e+03 
       2.790656173864e-01       1.054640056500e+03 
       2.822729892581e-01       1.026605568955e+03 
       2.854803620618e-01       1.000481123802e+03 
       2.886877357660e-01       9.760825877874e+02 
       2.918951103411e-01       9.530967189979e+02 
       2.951024857585e-01       9.313611296622e+02 
       2.983098619908e-01       9.109711676019e+02 
       3.015172390119e-01       8.921704537991e+02 
       3.047246167968e-01       8.751284324996e+02 
       3.079319953214e-01       8.597153688572e+02 
       3.111393745628e-01       8.454595498881e+02 
       3.143467544990e-01       8.316855847554e+02 
       3.175541351088e-01       8.177632948298e+02 
       3.207615163718e-01       8.033268068778e+02 
       3.239688982686e-01       7.883824073175e+02 
       3.271762807804e-01       7.731830631707e+02 
       3.303836638893e-01       7.580384675448e+02 
       3.335910475779e-01       7.431208829806e+02 
       3.367984318296e-01       7.283973774574e+02 
       3.400058166284e-01       7.137126078417e+02 
       3.432132019589e-01       6.989434602135e+02 
       3.464205878062e-01       6.841464292539e+02 
       3.496279741560e-01       6.695801805980e+02 
       3.528353609947e-01       6.556097970736e+02 
       3.560427483089e-01       6.425384491639e+02 
       3.592501360858e-01       6.304750132835e+02 
       3.624575243131e-01       6.192932267351e+02 
       3.656649129788e-01       6.087208002773e+02 
       3.688723020716e-01       5.984850213307e+02 
       3.720796915803e-01       5.884318427155e+02 
       3.752870814941e-01       5.785714497687e+02 
       3.784944718029e-01       5.690117553030e+02 
       3.817018624964e-01       5.598434326593e+02 
       3.849092535652e-01       5.510447960666e+02 
       3.881166449998e-01       5.424626453160e+02 
       3.913240367913e-01       5.338786004680e+02 
       3.945314289308e-01       5.251262536180e+02 
       3.977388214100e-01       5.161715374787e+02 
       4.009462142206e-01       5.071289878321e+02 
       4.041536073548e-01       4.982030025263e+02 
       4.073610008048e-01       4.895658743242e+02 
       4.105683945632e-01       4.812895084179e+02 
       4.137757886229e-01       4.733220244866e+02 
       4.169831829768e-01       4.655443362026e+02 
       4.201905776181e-01       4.578562255596e+02 
       4.233979725405e-01       4.502452253273e+02 
       4.266053677373e-01       4.427956915675e+02 
       4.298127632026e-01       4.356371402809e+02 
       4.330201589302e-01       4.288619811978e+02 
       4.362275549145e-01       4.224712241080e+02 
       4.394349511497e-01       4.163640600392e+02 
       4.426423476305e-01       4.103910921154e+02 
       4.458497443513e-01       4.044319663642e+02 
       4.490571413072e-01       3.984478002324e+02 
       4.522645384931e-01       3.924869771683e+02 
       4.554719359041e-01       3.866423984978e+02 
       4.586793335354e-01       3.809861084735e+02 
       4.618867313826e-01       3.755204395752e+02 
       4.650941294410e-01       3.701761482984e+02 
       4.683015277063e-01       3.648576427685e+02 
       4.715089261743e-01       3.594984509854e+02 
       4.747163248409e-01       3.540989593133e+02 
       4.779237237021e-01       3.487373942307e+02 
       4.811311227539e-01       3.435161855198e+02 
       4.843385219925e-01       3.385111737861e+02 
       4.875459214144e-01       3.337336259561e+02 
       4.907533210157e-01       3.291280570978e+02 
       4.939607207931e-01       3.246123149488e+02 
       4.971681207432e-01       3.201255185077e+02 
       5.003755208625e-01       3.156605885722e+02 
       5.035829211479e-01       3.112637468891e+02 
       5.067903215962e-01       3.070013312400e+02 
       5.099977222042e-01       3.029152556409e+02 
       5.132051229691e-01       2.989931408631e+02 
       5.164125238879e-01       2.951733249889e+02 
       5.196199249576e-01       2.913799049505e+02 
       5.228273261756e-01       2.875597054001e+02 
       5.260347275391e-01       2.837130505140e+02 
       5.292421290454e-01       2.798884232682e+02 
       5.324495306920e-01       2.761503666685e+02 
       5.356569324763e-01       2.725411539515e+02 
       5.388643343959e-01       2.690587547636e+02 
       5.420717364483e-01       2.656603174765e+02 
       5.452791386313e-01       2.622892194380e+02 
       5.484865409425e-01       2.589118300813e+02 
       5.516939433796e-01       2.555351362572e+02 
       5.549013459405e-01       2.522030372673e+02 
       5.581087486230e-01       2.489687201345e+02 
       5.613161514251e-01       2.458634093942e+02 
       5.645235543447e-01       2.428779095101e+02 
       5.677309573798e-01       2.399693038295e+02 
       5.709383605285e-01       2.370860159636e+02 
       5.741457637888e-01       2.341960217770e+02 
       5.773531671589e-01       2.313045056925e+02 
       5.805605706369e-01       2.284465127909e+02 
       5.837679742211e-01       2.256651088532e+02 
       5.869753779097e-01       2.229829248678e+02 
       5.901827817011e-01       2.203901692952e+02 
       5.933901855935e-01       2.178487283848e+02 
       5.965975895853e-01       2.153158732023e+02 
       5.998049936749e-01       2.127681246963e+02 
       6.030123978608e-01       2.102142708291e+02 
       6.062198021414e-01       2.076885522285e+02 
       6.094272065152e-01       2.052299926762e+02 
       6.126346109808e-01       2.028582598241e+02 
       6.158420155367e-01       2.005648999422e+02 
       6.190494201815e-01       1.983173764965e+02 
       6.222568249138e-01       1.960813628106e+02 
       6.254642297323e-01       1.938374901166e+02 
       6.286716346356e-01       1.915959796424e+02 
       6.318790396225e-01       1.893856102528e+02 
       6.350864446917e-01       1.872384511159e+02 
       6.382938498420e-01       1.851688622039e+02 
       6.415012550720e-01       1.831652087369e+02 
       6.447086603807e-01       1.811977599856e+02 
       6.479160657669e-01       1.792348346383e+02 
       6.511234712294e-01       1.772622477018e+02 
       6.543308767671e-01       1.752886835357e+02 
       6.575382823788e-01       1.733402165044e+02 
       6.607456880636e-01       1.714447560763e+02 
       6.639530938203e-01       1.696130078633e+02 
       6.671604996480e-01       1.678350225677e+02 
       6.703679055455e-01       1.660843288708e+02 
       6.735753115119e-01       1.643352195813e+02 
       6.767827175462e-01       1.625774412825e+02 
       6.799901236474e-01       1.608204736220e+02 
       6.831975298146e-01       1.590880289914e+02 
       6.864049360469e-01       1.574046821601e+02 
       6.896123423434e-01       1.557781637219e+02 
       6.928197487031e-01       1.541982709076e+02 
       6.960271551252e-01       1.526417002957e+02 
       6.992345616089e-01       1.510862969672e+02 
       7.024419681532e-01       1.495235035044e+02 
       7.056493747574e-01       1.479630850297e+02 
       7.088567814206e-01       1.464262860439e+02 
       7.120641881420e-01       1.449323690426e+02 
       7.152715949210e-01       1.434878688786e+02 
       7.184790017565e-01       1.420819423862e+02 
       7.216864086481e-01       1.406933343669e+02 
       7.248938155948e-01       1.393034874291e+02 
       7.281012225959e-01       1.379062740396e+02 
       7.313086296508e-01       1.365107307960e+02 
       7.345160367587e-01       1.351366579824e+02 
       7.377234439190e-01       1.338006389059e+02 
       7.409308511308e-01       1.325075861520e+02 
       7.441382583937e-01       1.312470092738e+02 
       7.473456657069e-01       1.300005231205e+02 
       7.505530730698e-01       1.287519637866e+02 
       7.537604804818e-01       1.274973136572e+02 
       7.569678879421e-01       1.262454373906e+02 
       7.601752954503e-01       1.250141812883e+02 
       7.633827030056e-01       1.238175145895e+02 
       7.665901106076e-01       1.226583217460e+02 
       7.697975182556e-01       1.215270891561e+02 
       7.730049259490e-01       1.204066816409e+02 
       7.762123336873e-01       1.192835489953e+02 
       7.794197414700e-01       1.181548812989e+02 
       7.826271492964e-01       1.170293208994e+02 
       7.858345571661e-01       1.159229831986e+02 
       7.890419650785e-01       1.148473253265e+02 
       7.922493730331e-01       1.138046894669e+02 
       7.954567810294e-01       1.127850377962e+02 
       7.986641890668e-01       1.117738675664e+02 
       8.018715971450e-01       1.107592049815e+02 
       8.050790052634e-01       1.097395513419e+02 
       8.082864134214e-01       1.087234136656e+02 
       8.114938216188e-01       1.077252752907e+02 
       8.147012298549e-01       1.067548535519e+02 
       8.179086381293e-01       1.058130808382e+02 
       8.211160464416e-01       1.048912390332e+02 
       8.243234547914e-01       1.039756174529e+02 
       8.275308631781e-01       1.030564455898e+02 
       8.307382716015e-01       1.021330834055e+02 
       8.339456800609e-01       1.012136297797e+02 
       8.371530885561e-01       1.003109670856e+02 
       8.403604970867e-01       9.943372517227e+01 
       8.435679056521e-01       9.858127178794e+01 
       8.467753142520e-01       9.774579911014e+01 
       9.608221463351e-01       7.298126732986e+01 
       1.145004577277e+00       4.837877287783e+01 
       1.425767354928e+00       2.868885473765e+01 
       1.794118968012e+00       1.644033309505e+01 
       2.258652971843e+00       9.327037539208e+00 
       2.843475605115e+00       5.251169264125e+00 
       3.579723697092e+00       2.935765467275e+00 
       4.506605129470e+00       1.630926781947e+00 
       5.673479718412e+00       9.007803853294e-01 
       7.142487790808e+00       4.949004919750e-01 
