# Matter power spectrum P(k) at redshift z=0
# for k=1.04207e-05 to 7.14249 h/Mpc,
# number of wavenumbers equal to 639
#    1:k (h/Mpc)              2:P (Mpc/h)^3        
       1.042074545152e-05       4.833599303141e+01 
       2.327567964668e-05       1.050562232448e+02 
       3.617561717612e-05       1.608518247731e+02 
       4.915512597041e-05       2.162955630233e+02 
       6.224934323933e-05       2.717173505945e+02 
       7.549428752096e-05       3.273669177905e+02 
       8.892718066764e-05       3.834593598076e+02 
       1.025867840357e-04       4.401940346973e+02 
       1.165137531779e-04       4.977641403815e+02 
       1.307510153722e-04       5.563625102186e+02 
       1.453441743253e-04       6.161857917493e+02 
       1.603419463355e-04       6.774377082993e+02 
       1.757966320217e-04       7.403318273847e+02 
       1.917646273718e-04       8.050940637728e+02 
       2.083069772164e-04       8.719651652277e+02 
       2.254899731890e-04       9.412031685873e+02 
       2.433857966059e-04       1.013086092489e+03 
       2.620732042917e-04       1.087913799671e+03 
       2.816382519067e-04       1.166011218343e+03 
       3.021750444948e-04       1.247730391234e+03 
       3.237864973836e-04       1.333453063206e+03 
       3.465850818369e-04       1.423592744424e+03 
       3.706935186177e-04       1.518596490576e+03 
       3.962453686033e-04       1.618946170376e+03 
       4.233854528142e-04       1.725158878768e+03 
       4.522700151718e-04       1.837785865458e+03 
       4.830665212753e-04       1.957410371856e+03 
       5.159529679278e-04       2.084642739130e+03 
       5.511165650117e-04       2.220113582680e+03 
       5.887516492798e-04       2.364463462618e+03 
       6.290567058962e-04       2.518329225741e+03 
       6.722304159292e-04       2.682327148192e+03 
       7.184667229350e-04       2.857031842346e+03 
       7.679490213574e-04       3.042953404925e+03 
       8.208437077036e-04       3.240512085551e+03 
       8.772934852100e-04       3.450013505172e+03 
       9.374109452767e-04       3.671625624627e+03 
       1.001273028386e-03       3.905361427528e+03 
       1.068916959950e-03       4.151066226301e+03 
       1.140338144261e-03       4.408416417497e+03 
       1.215490290275e-03       4.676924473036e+03 
       1.294287772950e-03       4.955955081731e+03 
       1.376609959948e-03       5.244747814691e+03 
       1.462307014391e-03       5.542448916562e+03 
       1.551206561799e-03       5.848133415444e+03 
       1.643120596178e-03       6.160836496018e+03 
       1.737852080844e-03       6.479582929488e+03 
       1.835200839511e-03       6.803408672287e+03 
       1.934968493495e-03       7.131381706341e+03 
       2.036962349406e-03       7.462615266445e+03 
       2.140998258650e-03       7.796278809067e+03 
       2.246902548591e-03       8.131603430898e+03 
       2.354513167637e-03       8.467885250003e+03 
       2.463680200365e-03       8.804484888885e+03 
       2.574265903132e-03       9.140825913377e+03 
       2.686144393533e-03       9.476391991486e+03 
       2.799201105028e-03       9.810722487742e+03 
       2.913332095218e-03       1.014340854034e+04 
       3.028443275199e-03       1.047408841307e+04 
       3.144449609409e-03       1.080244365827e+04 
       3.261274320636e-03       1.112819387319e+04 
       3.378848123399e-03       1.145109408020e+04 
       3.497108500200e-03       1.177093105697e+04 
       3.615999028797e-03       1.208751856135e+04 
       3.735468764111e-03       1.240069637682e+04 
       3.855471675280e-03       1.271032524383e+04 
       3.975966136338e-03       1.301628709679e+04 
       4.096914467711e-03       1.331848090067e+04 
       4.218282525000e-03       1.361682162022e+04 
       4.340039331212e-03       1.391123836967e+04 
       4.462156748480e-03       1.420167213745e+04 
       4.584609185435e-03       1.448807574280e+04 
       4.707373336581e-03       1.477041002086e+04 
       4.830427950256e-03       1.504864229817e+04 
       4.953753622085e-03       1.532276383960e+04 
       5.077332611070e-03       1.559275050984e+04 
       5.201148675776e-03       1.585859388681e+04 
       5.325186928340e-03       1.612028902323e+04 
       5.449433704249e-03       1.637783719283e+04 
       5.573876446102e-03       1.663124369060e+04 
       5.698503599749e-03       1.688051831410e+04 
       5.823304521390e-03       1.712567292560e+04 
       5.948269394385e-03       1.736672247870e+04 
       6.073389154695e-03       1.760368484543e+04 
       6.198655423946e-03       1.783657957178e+04 
       6.324060449299e-03       1.806542948012e+04 
       6.449597049348e-03       1.829025991071e+04 
       6.575258565384e-03       1.851109434163e+04 
       6.701038817448e-03       1.872796074388e+04 
       6.826932064642e-03       1.894088786586e+04 
       6.952932969257e-03       1.914990383545e+04 
       7.079036564289e-03       1.935503812182e+04 
       7.205238224011e-03       1.955632143203e+04 
       7.331533637267e-03       1.975378911647e+04 
       7.457918783209e-03       1.994746658308e+04 
       7.584389909239e-03       2.013738949650e+04 
       7.710943510916e-03       2.032359048766e+04 
       7.837576313644e-03       2.050610072166e+04 
       7.964285255966e-03       2.068495611804e+04 
       8.091067474294e-03       2.086018982079e+04 
       8.217920288951e-03       2.103183572156e+04 
       8.344841191396e-03       2.119992756596e+04 
       8.471827832507e-03       2.136449982915e+04 
       8.598878011848e-03       2.152558930834e+04 
       8.725989667799e-03       2.168322131032e+04 
       8.853160868501e-03       2.183743713379e+04 
       8.980389803518e-03       2.198826738261e+04 
       9.107674776158e-03       2.213574663925e+04 
       9.235014196412e-03       2.227991386518e+04 
       9.362406574423e-03       2.242079784311e+04 
       9.489850514476e-03       2.255842645854e+04 
       9.617344709438e-03       2.269284631886e+04 
       9.744887935619e-03       2.282407168965e+04 
       9.872479048024e-03       2.295215304521e+04 
       1.000011697596e-02       2.307712178667e+04 
       1.012780071894e-02       2.319899784339e+04 
       1.025552934295e-02       2.331782321622e+04 
       1.038330197691e-02       2.343363205892e+04 
       1.051111780946e-02       2.354644737333e+04 
       1.063897608593e-02       2.365630575799e+04 
       1.076687610554e-02       2.376324017291e+04 
       1.089481721880e-02       2.386728495848e+04 
       1.102279882511e-02       2.396846561313e+04 
       1.115082037053e-02       2.406681452638e+04 
       1.127888134562e-02       2.416235688156e+04 
       1.140698128360e-02       2.425513628358e+04 
       1.153511975847e-02       2.434518035670e+04 
       1.166329638336e-02       2.443249943410e+04 
       1.179151080895e-02       2.451713982359e+04 
       1.191976272205e-02       2.459913712152e+04 
       1.204805184421e-02       2.467850947622e+04 
       1.217637793049e-02       2.475527965279e+04 
       1.230474076829e-02       2.482949410096e+04 
       1.243314017624e-02       2.490117161164e+04 
       1.256157600321e-02       2.497034350987e+04 
       1.269004812738e-02       2.503704573297e+04 
       1.281855645537e-02       2.510129015972e+04 
       1.294710092141e-02       2.516311275347e+04 
       1.307568148662e-02       2.522254464493e+04 
       1.320429813832e-02       2.527960996837e+04 
       1.333295088939e-02       2.533433583613e+04 
       1.346163977768e-02       2.538674782710e+04 
       1.359036486548e-02       2.543686525906e+04 
       1.371912623900e-02       2.548473389167e+04 
       1.384792400797e-02       2.553036011244e+04 
       1.397675830518e-02       2.557378239479e+04 
       1.410562928612e-02       2.561503329612e+04 
       1.423453712866e-02       2.565412184445e+04 
       1.436348203270e-02       2.569108012929e+04 
       1.449246421995e-02       2.572593314698e+04 
       1.462148393366e-02       2.575871622573e+04 
       1.475054143843e-02       2.578943315381e+04 
       1.487963701999e-02       2.581812509496e+04 
       1.500877098507e-02       2.584481971098e+04 
       1.513794366129e-02       2.586953147255e+04 
       1.526715539701e-02       2.589228456493e+04 
       1.539640656128e-02       2.591311719376e+04 
       1.552569754378e-02       2.593203461677e+04 
       1.565502875478e-02       2.594906644912e+04 
       1.578440062512e-02       2.596425333635e+04 
       1.591381360623e-02       2.597760280626e+04 
       1.604326817018e-02       2.598913486519e+04 
       1.617276480966e-02       2.599887912281e+04 
       1.630230403812e-02       2.600686616503e+04 
       1.643188638984e-02       2.601310193648e+04 
       1.656151241999e-02       2.601762889493e+04 
       1.669118270482e-02       2.602045377569e+04 
       1.682089784176e-02       2.602159388270e+04 
       1.695065844960e-02       2.602108574234e+04 
       1.708046516865e-02       2.601896427186e+04 
       1.721031866094e-02       2.601522929223e+04 
       1.734021961044e-02       2.600990236817e+04 
       1.747016872328e-02       2.600301292369e+04 
       1.760016672800e-02       2.599457796699e+04 
       1.773021437580e-02       2.598462748248e+04 
       1.786031244084e-02       2.597317749804e+04 
       1.799046172052e-02       2.596024523767e+04 
       1.812066303577e-02       2.594586901923e+04 
       1.825091723144e-02       2.593003882818e+04 
       1.838122517657e-02       2.591279217051e+04 
       1.851158776480e-02       2.589416255048e+04 
       1.864200591475e-02       2.587414277361e+04 
       1.877248057037e-02       2.585277154894e+04 
       1.890301270142e-02       2.583008203510e+04 
       1.903360330383e-02       2.580610083306e+04 
       1.916425340020e-02       2.578075211353e+04 
       1.929496404023e-02       2.575416621172e+04 
       1.942573630125e-02       2.572633297744e+04 
       1.955657128865e-02       2.569725895419e+04 
       1.968747013645e-02       2.566696392520e+04 
       1.981843400785e-02       2.563546999576e+04 
       1.994946409575e-02       2.560280839076e+04 
       2.008056162334e-02       2.556897209175e+04 
       2.021172784470e-02       2.553400941244e+04 
       2.034296404542e-02       2.549791874769e+04 
       2.047427154326e-02       2.546072548462e+04 
       2.060565168875e-02       2.542242617877e+04 
       2.073710586594e-02       2.538309121791e+04 
       2.086863549305e-02       2.534267477180e+04 
       2.100024202323e-02       2.530124091667e+04 
       2.113192694532e-02       2.525882965331e+04 
       2.126369178457e-02       2.521536600477e+04 
       2.139553810349e-02       2.517095534257e+04 
       2.152746750267e-02       2.512557272796e+04 
       2.165948162160e-02       2.507923780390e+04 
       2.179158213958e-02       2.503196575032e+04 
       2.192377077661e-02       2.498383526266e+04 
       2.205604929432e-02       2.493477069590e+04 
       2.218841949695e-02       2.488482462091e+04 
       2.232088323231e-02       2.483403285060e+04 
       2.245344239284e-02       2.478235098571e+04 
       2.258609891665e-02       2.472994782039e+04 
       2.271885478860e-02       2.467664399095e+04 
       2.285171204145e-02       2.462255801912e+04 
       2.298467275698e-02       2.456770850667e+04 
       2.311773906721e-02       2.451208175451e+04 
       2.325091315565e-02       2.445572992819e+04 
       2.338419725851e-02       2.439860568655e+04 
       2.351759366607e-02       2.434079452000e+04 
       2.365110472401e-02       2.428218284716e+04 
       2.378473283481e-02       2.422307490488e+04 
       2.391848045918e-02       2.416312808023e+04 
       2.405235011755e-02       2.410258077189e+04 
       2.418634439161e-02       2.404138713483e+04 
       2.432046592589e-02       2.397953210964e+04 
       2.445471742939e-02       2.391711592238e+04 
       2.458910167727e-02       2.385404816786e+04 
       2.472362151260e-02       2.379042943152e+04 
       2.485827984814e-02       2.372618492665e+04 
       2.499307966821e-02       2.366142170402e+04 
       2.512802403062e-02       2.359604989191e+04 
       2.526311606863e-02       2.353022910694e+04 
       2.539835899303e-02       2.346381908150e+04 
       2.553375609422e-02       2.339696301458e+04 
       2.566931074444e-02       2.332959034308e+04 
       2.580502640002e-02       2.326170698155e+04 
       2.594090660369e-02       2.319336236584e+04 
       2.607695498706e-02       2.312454676386e+04 
       2.621317527309e-02       2.305528160725e+04 
       2.634957127870e-02       2.298562385981e+04 
       2.648614691742e-02       2.291549985705e+04 
       2.662290620223e-02       2.284499357375e+04 
       2.675985324837e-02       2.277406287934e+04 
       2.689699227637e-02       2.270274443644e+04 
       2.703432761512e-02       2.263107666469e+04 
       2.717186370505e-02       2.255901700303e+04 
       2.730960510149e-02       2.248661845245e+04 
       2.744755647805e-02       2.241389761511e+04 
       2.758572263023e-02       2.234080627443e+04 
       2.772410847911e-02       2.226741368396e+04 
       2.786271907513e-02       2.219368266505e+04 
       2.800155960216e-02       2.211969291477e+04 
       2.814063538155e-02       2.204539235038e+04 
       2.827995187645e-02       2.197079694089e+04 
       2.841951469629e-02       2.189595570250e+04 
       2.855932960135e-02       2.182083411592e+04 
       2.869940250761e-02       2.174545864681e+04 
       2.883973949172e-02       2.166984460089e+04 
       2.898034679622e-02       2.159399592132e+04 
       2.912123083494e-02       2.151792135261e+04 
       2.926239819861e-02       2.144165288504e+04 
       2.940385566071e-02       2.136513318916e+04 
       2.954561018357e-02       2.128844049803e+04 
       2.968766892472e-02       2.121151907513e+04 
       2.983003924349e-02       2.113448878405e+04 
       2.997272870790e-02       2.105724762490e+04 
       3.011574510183e-02       2.097984043953e+04 
       3.025909643252e-02       2.090228300785e+04 
       3.040279093836e-02       2.082456441908e+04 
       3.054683709707e-02       2.074666374894e+04 
       3.069124363419e-02       2.066870253961e+04 
       3.083601953196e-02       2.059055477651e+04 
       3.098117403861e-02       2.051232964370e+04 
       3.112671667805e-02       2.043396947288e+04 
       3.127265726003e-02       2.035551533215e+04 
       3.141900589076e-02       2.027692934785e+04 
       3.156577298395e-02       2.019828735876e+04 
       3.171296927252e-02       2.011950068093e+04 
       3.186060582069e-02       2.004069759786e+04 
       3.200869403678e-02       1.996172706570e+04 
       3.215724568654e-02       1.988278743589e+04 
       3.230627290721e-02       1.980365887890e+04 
       3.245578822215e-02       1.972446962672e+04 
       3.260580455636e-02       1.964538816370e+04 
       3.275633525262e-02       1.956617118577e+04 
       3.290739408851e-02       1.948696837293e+04 
       3.305899529437e-02       1.940756046975e+04 
       3.321115357202e-02       1.932825297447e+04 
       3.336388411466e-02       1.924880524253e+04 
       3.351720262761e-02       1.916939578859e+04 
       3.367112535036e-02       1.909001960464e+04 
       3.382566907961e-02       1.901062270280e+04 
       3.398085119373e-02       1.893108018420e+04 
       3.413668967845e-02       1.885162038108e+04 
       3.429320315403e-02       1.877211971662e+04 
       3.445041090397e-02       1.869269551489e+04 
       3.460833290528e-02       1.861309260113e+04 
       3.476698986058e-02       1.853361341445e+04 
       3.492640323201e-02       1.845412756779e+04 
       3.508659527713e-02       1.837460427453e+04 
       3.524758908699e-02       1.829510856817e+04 
       3.540940862645e-02       1.821567438990e+04 
       3.557207877702e-02       1.813611727742e+04 
       3.573562538222e-02       1.805675213056e+04 
       3.590007529592e-02       1.797731759917e+04 
       3.606545643360e-02       1.789782020769e+04 
       3.623179782697e-02       1.781843150727e+04 
       3.639912968207e-02       1.773907205404e+04 
       3.656748344122e-02       1.765971881191e+04 
       3.673689184906e-02       1.758034300197e+04 
       3.690738902304e-02       1.750099064061e+04 
       3.707901052868e-02       1.742164174866e+04 
       3.725179346006e-02       1.734237360112e+04 
       3.742577652594e-02       1.726304802214e+04 
       3.760100014198e-02       1.718380797017e+04 
       3.777750652956e-02       1.710449502863e+04 
       3.795533982186e-02       1.702532464024e+04 
       3.813454617772e-02       1.694610913686e+04 
       3.831517390411e-02       1.686684616296e+04 
       3.849727358783e-02       1.678766578913e+04 
       3.868089823749e-02       1.670844922020e+04 
       3.886610343647e-02       1.662922310069e+04 
       3.905294750820e-02       1.655005097326e+04 
       3.924149169468e-02       1.647087459717e+04 
       3.943180034970e-02       1.639166477609e+04 
       3.962394114811e-02       1.631241284391e+04 
       3.981798531288e-02       1.623319413449e+04 
       4.001400786162e-02       1.615392693065e+04 
       4.021208787471e-02       1.607466186079e+04 
       4.041230878727e-02       1.599539378212e+04 
       4.061475870747e-02       1.591601879929e+04 
       4.081953076426e-02       1.583665468457e+04 
       4.102672348749e-02       1.575721873752e+04 
       4.123644122440e-02       1.567773123448e+04 
       4.144879459644e-02       1.559814594804e+04 
       4.166390100120e-02       1.551855088337e+04 
       4.188188516495e-02       1.543881449471e+04 
       4.210287975179e-02       1.535903412487e+04 
       4.232702603651e-02       1.527916200064e+04 
       4.255447464920e-02       1.519913392174e+04 
       4.278538640087e-02       1.511898501145e+04 
       4.301993320061e-02       1.503868891575e+04 
       4.325829907677e-02       1.495826048483e+04 
       4.350068131618e-02       1.487769577821e+04 
       4.374729173802e-02       1.479694728484e+04 
       4.399835812155e-02       1.471594686767e+04 
       4.425412581005e-02       1.463475279261e+04 
       4.451485951733e-02       1.455333548773e+04 
       4.478084536758e-02       1.447166584550e+04 
       4.505239320500e-02       1.438971882119e+04 
       4.532983921613e-02       1.430743812902e+04 
       4.561354891610e-02       1.422487691483e+04 
       4.590392055934e-02       1.414196088223e+04 
       4.620138904776e-02       1.405861406003e+04 
       4.650643042343e-02       1.397489658087e+04 
       4.681956705097e-02       1.389070800222e+04 
       4.714137361695e-02       1.380602182542e+04 
       4.747248410068e-02       1.372080636569e+04 
       4.781359990507e-02       1.363498609133e+04 
       4.816549937861e-02       1.354856023375e+04 
       4.852904901268e-02       1.346143575105e+04 
       4.890521666577e-02       1.337355945633e+04 
       4.929508725078e-02       1.328488446159e+04 
       4.969988142932e-02       1.319525067318e+04 
       5.012097799357e-02       1.310470074099e+04 
       5.055994079058e-02       1.301304121094e+04 
       5.101855126621e-02       1.292005477613e+04 
       5.149884798847e-02       1.282583523217e+04 
       5.200317486926e-02       1.273010193002e+04 
       5.253424025447e-02       1.263266347798e+04 
       5.309518961196e-02       1.253331734909e+04 
       5.368969522135e-02       1.243178412441e+04 
       5.432206704456e-02       1.232781724282e+04 
       5.499738976306e-02       1.222086921586e+04 
       5.572169162547e-02       1.211056586439e+04 
       5.650215084136e-02       1.199627510281e+04 
       5.734734391137e-02       1.187711146524e+04 
       5.826753576175e-02       1.175209736195e+04 
       5.927500057871e-02       1.161976589981e+04 
       6.038433903526e-02       1.147824722994e+04 
       6.161271304303e-02       1.132503336446e+04 
       6.297984178053e-02       1.115661183304e+04 
       6.450748683509e-02       1.096847672149e+04 
       6.621802571515e-02       1.075465403282e+04 
       6.813168259774e-02       1.050789767345e+04 
       7.026229803273e-02       1.022025110501e+04 
       7.261244013701e-02       9.884583127200e+03 
       7.516996243718e-02       9.497002834098e+03 
       7.790853112740e-02       9.059511593540e+03 
       8.079279990686e-02       8.581336365588e+03 
       8.378581555384e-02       8.078243493110e+03 
       8.685505228398e-02       7.569735992773e+03 
       8.997521235248e-02       7.075792345520e+03 
       9.312825736709e-02       6.613869483604e+03 
       9.630205971123e-02       6.197035162722e+03 
       9.948877333912e-02       5.833167279691e+03 
       1.026834450330e-01       5.525002671797e+03 
       1.058829953154e-01       5.270748091157e+03 
       1.090855275855e-01       5.064966501092e+03 
       1.122898804048e-01       4.899546863055e+03 
       1.154953449269e-01       4.764688088992e+03 
       1.187014893433e-01       4.649849238104e+03 
       1.219080508417e-01       4.544665964607e+03 
       1.251148694899e-01       4.439863364717e+03 
       1.283218479144e-01       4.328014915794e+03 
       1.315289267609e-01       4.204122934988e+03 
       1.347360697773e-01       4.065931534692e+03 
       1.379432547520e-01       3.913837656090e+03 
       1.411504680112e-01       3.750523829861e+03 
       1.443577010777e-01       3.580342956746e+03 
       1.475649486422e-01       3.408558650597e+03 
       1.507722073305e-01       3.240600713420e+03 
       1.539794749547e-01       3.081427926264e+03 
       1.571867500577e-01       2.935030851341e+03 
       1.603940316355e-01       2.804147432629e+03 
       1.636013189685e-01       2.690138022849e+03 
       1.668086115175e-01       2.593038299428e+03 
       1.700159088602e-01       2.511698578145e+03 
       1.732232106525e-01       2.444023004067e+03 
       1.764305166035e-01       2.387245589012e+03 
       1.796378264605e-01       2.338214979009e+03 
       1.828451399992e-01       2.294873734006e+03 
       1.860524570172e-01       2.256435223923e+03 
       1.892597773299e-01       2.215310120524e+03 
       1.924671007673e-01       2.168220305711e+03 
       1.956744271723e-01       2.114331126519e+03 
       1.988817563987e-01       2.054929295961e+03 
       2.020890883103e-01       1.992279370124e+03 
       2.052964227796e-01       1.928414739626e+03 
       2.085037596875e-01       1.864465428997e+03 
       2.117110989221e-01       1.800747228354e+03 
       2.149184403784e-01       1.737472274068e+03 
       2.181257839575e-01       1.675387330673e+03 
       2.213331295665e-01       1.616004665365e+03 
       2.245404771178e-01       1.561243242233e+03 
       2.277478265286e-01       1.512695917120e+03 
       2.309551777210e-01       1.470985526441e+03 
       2.341625306213e-01       1.435525274987e+03 
       2.373698851598e-01       1.404811642325e+03 
       2.405772412704e-01       1.377052441148e+03 
       2.437845988908e-01       1.350809002326e+03 
       2.469919579618e-01       1.325318786590e+03 
       2.501993184272e-01       1.300396022812e+03 
       2.534066802338e-01       1.276036118325e+03 
       2.566140433308e-01       1.251992949577e+03 
       2.598214076704e-01       1.227631111731e+03 
       2.630287732066e-01       1.202111446607e+03 
       2.662361398961e-01       1.174774794064e+03 
       2.694435076974e-01       1.145567203799e+03 
       2.726508765710e-01       1.115099553015e+03 
       2.758582464793e-01       1.084449085838e+03 
       2.790656173864e-01       1.054724293573e+03 
       2.822729892581e-01       1.026687566840e+03 
       2.854803620618e-01       1.000561035058e+03 
       2.886877357660e-01       9.761605502680e+02 
       2.918951103411e-01       9.531728455365e+02 
       2.951024857585e-01       9.314355201226e+02 
       2.983098619908e-01       9.110439294637e+02 
       3.015172390119e-01       8.922417140000e+02 
       3.047246167968e-01       8.751983315114e+02 
       3.079319953214e-01       8.597840367884e+02 
       3.111393745628e-01       8.455270791700e+02 
       3.143467544990e-01       8.317520138744e+02 
       3.175541351088e-01       8.178286119380e+02 
       3.207615163718e-01       8.033909709045e+02 
       3.239688982686e-01       7.884453776947e+02 
       3.271762807804e-01       7.732448195355e+02 
       3.303836638893e-01       7.580990142706e+02 
       3.335910475779e-01       7.431802381995e+02 
       3.367984318296e-01       7.284555566708e+02 
       3.400058166284e-01       7.137696141429e+02 
       3.432132019589e-01       6.989992868623e+02 
       3.464205878062e-01       6.842010740225e+02 
       3.496279741560e-01       6.696336619194e+02 
       3.528353609947e-01       6.556621625411e+02 
       3.560427483089e-01       6.425897705863e+02 
       3.592501360858e-01       6.305253711660e+02 
       3.624575243131e-01       6.193426914980e+02 
       3.656649129788e-01       6.087694205919e+02 
       3.688723020716e-01       5.985328240860e+02 
       3.720796915803e-01       5.884788424957e+02 
       3.752870814941e-01       5.786176619719e+02 
       3.784944718029e-01       5.690572039464e+02 
       3.817018624964e-01       5.598881490025e+02 
       3.849092535652e-01       5.510888096377e+02 
       3.881166449998e-01       5.425059734065e+02 
       3.913240367913e-01       5.339212429268e+02 
       3.945314289308e-01       5.251681970027e+02 
       3.977388214100e-01       5.162127656254e+02 
       4.009462142206e-01       5.071694937251e+02 
       4.041536073548e-01       4.982427954758e+02 
       4.073610008048e-01       4.896049774017e+02 
       4.105683945632e-01       4.813279504381e+02 
       4.137757886229e-01       4.733598301206e+02 
       4.169831829768e-01       4.655815206102e+02 
       4.201905776181e-01       4.578927958956e+02 
       4.233979725405e-01       4.502811877511e+02 
       4.266053677373e-01       4.428310589760e+02 
       4.298127632026e-01       4.356719359159e+02 
       4.330201589302e-01       4.288962356817e+02 
       4.362275549145e-01       4.225049681439e+02 
       4.394349511497e-01       4.163973162782e+02 
       4.426423476305e-01       4.104238712761e+02 
       4.458497443513e-01       4.044642695520e+02 
       4.490571413072e-01       3.984796254474e+02 
       4.522645384931e-01       3.925183262751e+02 
       4.554719359041e-01       3.866732807813e+02 
       4.586793335354e-01       3.810165389730e+02 
       4.618867313826e-01       3.755504335163e+02 
       4.650941294410e-01       3.702057153757e+02 
       4.683015277063e-01       3.648867850414e+02 
       4.715089261743e-01       3.595271652040e+02 
       4.747163248409e-01       3.541272422585e+02 
       4.779237237021e-01       3.487652489318e+02 
       4.811311227539e-01       3.435436231876e+02 
       4.843385219925e-01       3.385382116889e+02 
       4.875459214144e-01       3.337602822624e+02 
       4.907533210157e-01       3.291543455440e+02 
       4.939607207931e-01       3.246382427097e+02 
       4.971681207432e-01       3.201510878953e+02 
       5.003755208625e-01       3.156858013328e+02 
       5.035829211479e-01       3.112886084610e+02 
       5.067903215962e-01       3.070258523601e+02 
       5.099977222042e-01       3.029394503939e+02 
       5.132051229691e-01       2.990170223452e+02 
       5.164125238879e-01       2.951969013711e+02 
       5.196199249576e-01       2.914031783412e+02 
       5.228273261756e-01       2.875826736603e+02 
       5.260347275391e-01       2.837357115308e+02 
       5.292421290454e-01       2.799107788009e+02 
       5.324495306920e-01       2.761724236316e+02 
       5.356569324763e-01       2.725629226360e+02 
       5.388643343959e-01       2.690802452985e+02 
       5.420717364483e-01       2.656815365680e+02 
       5.452791386313e-01       2.623101692698e+02 
       5.484865409425e-01       2.589325101511e+02 
       5.516939433796e-01       2.555555466205e+02 
       5.549013459405e-01       2.522231814862e+02 
       5.581087486230e-01       2.489886060191e+02 
       5.613161514251e-01       2.458830472486e+02 
       5.645235543447e-01       2.428973089037e+02 
       5.677309573798e-01       2.399884709041e+02 
       5.709383605285e-01       2.371049527413e+02 
       5.741457637888e-01       2.342147277221e+02 
       5.773531671589e-01       2.313229806835e+02 
       5.805605706369e-01       2.284647595056e+02 
       5.837679742211e-01       2.256831334090e+02 
       5.869753779097e-01       2.230007351897e+02 
       5.901827817011e-01       2.204077725261e+02 
       5.933901855935e-01       2.178661286233e+02 
       5.965975895853e-01       2.153330711341e+02 
       5.998049936749e-01       2.127851191318e+02 
       6.030123978608e-01       2.102310612806e+02 
       6.062198021414e-01       2.077051409432e+02 
       6.094272065152e-01       2.052463850183e+02 
       6.126346109808e-01       2.028744627289e+02 
       6.158420155367e-01       2.005809196696e+02 
       6.190494201815e-01       1.983332167076e+02 
       6.222568249138e-01       1.960970244247e+02 
       6.254642297323e-01       1.938529725059e+02 
       6.286716346356e-01       1.916112829955e+02 
       6.318790396225e-01       1.894007370570e+02 
       6.350864446917e-01       1.872534064200e+02 
       6.382938498420e-01       1.851836522037e+02 
       6.415012550720e-01       1.831798386989e+02 
       6.447086603807e-01       1.812122328015e+02 
       6.479160657669e-01       1.792491506696e+02 
       6.511234712294e-01       1.772764061768e+02 
       6.543308767671e-01       1.753026843763e+02 
       6.575382823788e-01       1.733540617151e+02 
       6.607456880636e-01       1.714584498909e+02 
       6.639530938203e-01       1.696265553706e+02 
       6.671604996480e-01       1.678484280619e+02 
       6.703679055455e-01       1.660975945318e+02 
       6.735753115119e-01       1.643483455356e+02 
       6.767827175462e-01       1.625904268378e+02 
       6.799901236474e-01       1.608333188431e+02 
       6.831975298146e-01       1.591007358370e+02 
       6.864049360469e-01       1.574172545517e+02 
       6.896123423434e-01       1.557906061987e+02 
       6.928197487031e-01       1.542105871936e+02 
       6.960271551252e-01       1.526538922536e+02 
       6.992345616089e-01       1.510983646903e+02 
       7.024419681532e-01       1.495354464025e+02 
       7.056493747574e-01       1.479749032924e+02 
       7.088567814206e-01       1.464379815579e+02 
       7.120641881420e-01       1.449439452330e+02 
       7.152715949210e-01       1.434993296925e+02 
       7.184790017565e-01       1.420932909046e+02 
       7.216864086481e-01       1.407045719729e+02 
       7.248938155948e-01       1.393146140238e+02 
       7.281012225959e-01       1.379172890346e+02 
       7.313086296508e-01       1.365216343248e+02 
       7.345160367587e-01       1.351474517597e+02 
       7.377234439190e-01       1.338113259714e+02 
       7.409308511308e-01       1.325181699374e+02 
       7.441382583937e-01       1.312574923732e+02 
       7.473456657069e-01       1.300109066593e+02 
       7.505530730698e-01       1.287622475993e+02 
       7.537604804818e-01       1.275074972572e+02 
       7.569678879421e-01       1.262555209994e+02 
       7.601752954503e-01       1.250241665529e+02 
       7.633827030056e-01       1.238274042727e+02 
       7.665901106076e-01       1.226681188409e+02 
       7.697975182556e-01       1.215367958960e+02 
       7.730049259490e-01       1.204162988905e+02 
       7.762123336873e-01       1.192930765370e+02 
       7.794197414700e-01       1.181643186906e+02 
       7.826271492964e-01       1.170386683892e+02 
       7.858345571661e-01       1.159322423219e+02 
       7.890419650785e-01       1.148564985336e+02 
       7.922493730331e-01       1.138137793955e+02 
       7.954567810294e-01       1.127940462821e+02 
       7.986641890668e-01       1.117827952870e+02 
       8.018715971450e-01       1.107680516580e+02 
       8.050790052634e-01       1.097483165756e+02 
       8.082864134214e-01       1.087320977373e+02 
       8.114938216188e-01       1.077338796381e+02 
       8.147012298549e-01       1.067633803888e+02 
       8.179086381293e-01       1.058215324529e+02 
       8.211160464416e-01       1.048996170176e+02 
       8.243234547914e-01       1.039839223037e+02 
       8.275308631781e-01       1.030646770236e+02 
       8.307382716015e-01       1.021412410875e+02 
       8.339456800609e-01       1.012217140221e+02 
       8.371530885561e-01       1.003189792297e+02 
       8.403604970867e-01       9.944166724840e+01 
       8.435679056521e-01       9.858914577606e+01 
       8.467753142520e-01       9.775360636655e+01 
       9.608221463351e-01       7.298709656770e+01 
       1.145004577277e+00       4.838263703923e+01 
       1.425767354928e+00       2.869114620491e+01 
       1.794118968012e+00       1.644164623519e+01 
       2.258652971843e+00       9.327782518504e+00 
       2.843475605115e+00       5.251588691241e+00 
       3.579723697092e+00       2.935999955938e+00 
       4.506605129470e+00       1.631057049112e+00 
       5.673479718412e+00       9.008523334443e-01 
       7.142487790808e+00       4.949400212078e-01 
