# Matter power spectrum P(k) at redshift z=0
# for k=1.04207e-05 to 7.14249 h/Mpc,
# number of wavenumbers equal to 639
#    1:k (h/Mpc)              2:P (Mpc/h)^3        
       1.042074545152e-05       4.833604337276e+01 
       2.327567964668e-05       1.050561925662e+02 
       3.617561717612e-05       1.608516808528e+02 
       4.915512597041e-05       2.162951419884e+02 
       6.224934323933e-05       2.717164432997e+02 
       7.549428752096e-05       3.273652580218e+02 
       8.892718066764e-05       3.834566749165e+02 
       1.025867840357e-04       4.401899582116e+02 
       1.165137531779e-04       4.977581846070e+02 
       1.307510153722e-04       5.563541240801e+02 
       1.453441743253e-04       6.161743506748e+02 
       1.603419463355e-04       6.774224672121e+02 
       1.757966320217e-04       7.403118894452e+02 
       1.917646273718e-04       8.050683920518e+02 
       2.083069772164e-04       8.719325697624e+02 
       2.254899731890e-04       9.411622848347e+02 
       2.433857966059e-04       1.013035118406e+03 
       2.620732042917e-04       1.087850868290e+03 
       2.816382519067e-04       1.165934047145e+03 
       3.021750444948e-04       1.247636357823e+03 
       3.237864973836e-04       1.333339065577e+03 
       3.465850818369e-04       1.423455156980e+03 
       3.706935186177e-04       1.518431127594e+03 
       3.962453686033e-04       1.618748187938e+03 
       4.233854528142e-04       1.724922610297e+03 
       4.522700151718e-04       1.837504875675e+03 
       4.830665212753e-04       1.957077211203e+03 
       5.159529679278e-04       2.084249054966e+03 
       5.511165650117e-04       2.219649948479e+03 
       5.887516492798e-04       2.363919415818e+03 
       6.290567058962e-04       2.517693413748e+03 
       6.722304159292e-04       2.681587261900e+03 
       7.184667229350e-04       2.856175127731e+03 
       7.679490213574e-04       3.041966746979e+03 
       8.208437077036e-04       3.239382492491e+03 
       8.772934852100e-04       3.448728439522e+03 
       9.374109452767e-04       3.670173641198e+03 
       1.001273028386e-03       3.903731895594e+03 
       1.068916959950e-03       4.149250255461e+03 
       1.140338144261e-03       4.406406015381e+03 
       1.215490290275e-03       4.674712907785e+03 
       1.294287772950e-03       4.953536195732e+03 
       1.376609959948e-03       5.242115500638e+03 
       1.462307014391e-03       5.539596886786e+03 
       1.551206561799e-03       5.845055479490e+03 
       1.643120596178e-03       6.157526560668e+03 
       1.737852080844e-03       6.476034315563e+03 
       1.835200839511e-03       6.799615123618e+03 
       1.934968493495e-03       7.127336633904e+03 
       2.036962349406e-03       7.458311828857e+03 
       2.140998258650e-03       7.791709030677e+03 
       2.246902548591e-03       8.126758359647e+03 
       2.354513167637e-03       8.462753788909e+03 
       2.463680200365e-03       8.799053898587e+03 
       2.574265903132e-03       9.135079694435e+03 
       2.686144393533e-03       9.470312065748e+03 
       2.799201105028e-03       9.804287762632e+03 
       2.913332095218e-03       1.013659532948e+04 
       3.028443275199e-03       1.046687095998e+04 
       3.144449609409e-03       1.079479381848e+04 
       3.261274320636e-03       1.112008200954e+04 
       3.378848123399e-03       1.144248879675e+04 
       3.497108500200e-03       1.176179877961e+04 
       3.615999028797e-03       1.207782524495e+04 
       3.735468764111e-03       1.239040619376e+04 
       3.855471675280e-03       1.269940257146e+04 
       3.975966136338e-03       1.300469540720e+04 
       4.096914467711e-03       1.330618371349e+04 
       4.218282525000e-03       1.360378291949e+04 
       4.340039331212e-03       1.389742236360e+04 
       4.462156748480e-03       1.418704448352e+04 
       4.584609185435e-03       1.447260290697e+04 
       4.707373336581e-03       1.475406005294e+04 
       4.830427950256e-03       1.503138500396e+04 
       4.953753622085e-03       1.530457096064e+04 
       5.077332611070e-03       1.557359605865e+04 
       5.201148675776e-03       1.583845342047e+04 
       5.325186928340e-03       1.609914035290e+04 
       5.449433704249e-03       1.635566160411e+04 
       5.573876446102e-03       1.660802483042e+04 
       5.698503599749e-03       1.685624184237e+04 
       5.823304521390e-03       1.710032765133e+04 
       5.948269394385e-03       1.734030004421e+04 
       6.073389154695e-03       1.757617983712e+04 
       6.198655423946e-03       1.780798963581e+04 
       6.324060449299e-03       1.803575476285e+04 
       6.449597049348e-03       1.825950154831e+04 
       6.575258565384e-03       1.847925882351e+04 
       6.701038817448e-03       1.869505547757e+04 
       6.826932064642e-03       1.890692249543e+04 
       6.952932969257e-03       1.911488933206e+04 
       7.079036564289e-03       1.931899230039e+04 
       7.205238224011e-03       1.951926211560e+04 
       7.331533637267e-03       1.971573062534e+04 
       7.457918783209e-03       1.990843165763e+04 
       7.584389909239e-03       2.009740076694e+04 
       7.710943510916e-03       2.028267102437e+04 
       7.837576313644e-03       2.046427873550e+04 
       7.964285255966e-03       2.064225702438e+04 
       8.091067474294e-03       2.081663969894e+04 
       8.217920288951e-03       2.098746231865e+04 
       8.344841191396e-03       2.115476349604e+04 
       8.471827832507e-03       2.131857224347e+04 
       8.598878011848e-03       2.147893059117e+04 
       8.725989667799e-03       2.163586304926e+04 
       8.853160868501e-03       2.178941006150e+04 
       8.980389803518e-03       2.193960388049e+04 
       9.107674776158e-03       2.208648677023e+04 
       9.235014196412e-03       2.223007600661e+04 
       9.362406574423e-03       2.237041204227e+04 
       9.489850514476e-03       2.250753244229e+04 
       9.617344709438e-03       2.264147298931e+04 
       9.744887935619e-03       2.277225351189e+04 
       9.872479048024e-03       2.289991370575e+04 
       1.000011697596e-02       2.302449151151e+04 
       1.012780071894e-02       2.314601252634e+04 
       1.025552934295e-02       2.326450405226e+04 
       1.038330197691e-02       2.337999959723e+04 
       1.051111780946e-02       2.349255057389e+04 
       1.063897608593e-02       2.360215663849e+04 
       1.076687610554e-02       2.370887080553e+04 
       1.089481721880e-02       2.381270969572e+04 
       1.102279882511e-02       2.391371434137e+04 
       1.115082037053e-02       2.401190885119e+04 
       1.127888134562e-02       2.410732097278e+04 
       1.140698128360e-02       2.419999108511e+04 
       1.153511975847e-02       2.428993388794e+04 
       1.166329638336e-02       2.437718764395e+04 
       1.179151080895e-02       2.446178078674e+04 
       1.191976272205e-02       2.454374373023e+04 
       1.204805184421e-02       2.462309196020e+04 
       1.217637793049e-02       2.469986814971e+04 
       1.230474076829e-02       2.477410431651e+04 
       1.243314017624e-02       2.484580602349e+04 
       1.256157600321e-02       2.491502256962e+04 
       1.269004812738e-02       2.498178027611e+04 
       1.281855645537e-02       2.504609866737e+04 
       1.294710092141e-02       2.510800766184e+04 
       1.307568148662e-02       2.516753291235e+04 
       1.320429813832e-02       2.522470525515e+04 
       1.333295088939e-02       2.527954200513e+04 
       1.346163977768e-02       2.533208225032e+04 
       1.359036486548e-02       2.538234668601e+04 
       1.371912623900e-02       2.543035627834e+04 
       1.384792400797e-02       2.547613240547e+04 
       1.397675830518e-02       2.551972044745e+04 
       1.410562928612e-02       2.556113656565e+04 
       1.423453712866e-02       2.560040009870e+04 
       1.436348203270e-02       2.563755286147e+04 
       1.449246421995e-02       2.567259707490e+04 
       1.462148393366e-02       2.570557373968e+04 
       1.475054143843e-02       2.573650370538e+04 
       1.487963701999e-02       2.576541127228e+04 
       1.500877098507e-02       2.579232077669e+04 
       1.513794366129e-02       2.581725655658e+04 
       1.526715539701e-02       2.584024603529e+04 
       1.539640656128e-02       2.586130727199e+04 
       1.552569754378e-02       2.588046844798e+04 
       1.565502875478e-02       2.589775046387e+04 
       1.578440062512e-02       2.591319216149e+04 
       1.591381360623e-02       2.592678817918e+04 
       1.604326817018e-02       2.593858540935e+04 
       1.617276480966e-02       2.594860035919e+04 
       1.630230403812e-02       2.595685304535e+04 
       1.643188638984e-02       2.596336394888e+04 
       1.656151241999e-02       2.596816094776e+04 
       1.669118270482e-02       2.597126990918e+04 
       1.682089784176e-02       2.597270366108e+04 
       1.695065844960e-02       2.597249747162e+04 
       1.708046516865e-02       2.597065671423e+04 
       1.721031866094e-02       2.596721265917e+04 
       1.734021961044e-02       2.596218362633e+04 
       1.747016872328e-02       2.595560487333e+04 
       1.760016672800e-02       2.594747648742e+04 
       1.773021437580e-02       2.593783805338e+04 
       1.786031244084e-02       2.592669536497e+04 
       1.799046172052e-02       2.591407456075e+04 
       1.812066303577e-02       2.590001154545e+04 
       1.825091723144e-02       2.588451106653e+04 
       1.838122517657e-02       2.586758414515e+04 
       1.851158776480e-02       2.584927812638e+04 
       1.864200591475e-02       2.582959510855e+04 
       1.877248057037e-02       2.580854927792e+04 
       1.890301270142e-02       2.578618959195e+04 
       1.903360330383e-02       2.576250584859e+04 
       1.916425340020e-02       2.573753422264e+04 
       1.929496404023e-02       2.571128255366e+04 
       1.942573630125e-02       2.568379392297e+04 
       1.955657128865e-02       2.565505605818e+04 
       1.968747013645e-02       2.562510870860e+04 
       1.981843400785e-02       2.559396546545e+04 
       1.994946409575e-02       2.556163856498e+04 
       2.008056162334e-02       2.552815271274e+04 
       2.021172784470e-02       2.549353450845e+04 
       2.034296404542e-02       2.545779665377e+04 
       2.047427154326e-02       2.542095898045e+04 
       2.060565168875e-02       2.538301192005e+04 
       2.073710586594e-02       2.534401035573e+04 
       2.086863549305e-02       2.530394675211e+04 
       2.100024202323e-02       2.526288059242e+04 
       2.113192694532e-02       2.522080023398e+04 
       2.126369178457e-02       2.517768557757e+04 
       2.139553810349e-02       2.513361715635e+04 
       2.152746750267e-02       2.508859122408e+04 
       2.165948162160e-02       2.504260718464e+04 
       2.179158213958e-02       2.499571623744e+04 
       2.192377077661e-02       2.494790327376e+04 
       2.205604929432e-02       2.489918699390e+04 
       2.218841949695e-02       2.484958963933e+04 
       2.232088323231e-02       2.479913917318e+04 
       2.245344239284e-02       2.474786269095e+04 
       2.258609891665e-02       2.469576327837e+04 
       2.271885478860e-02       2.464279549622e+04 
       2.285171204145e-02       2.458907033622e+04 
       2.298467275698e-02       2.453459114900e+04 
       2.311773906721e-02       2.447925661884e+04 
       2.325091315565e-02       2.442324519371e+04 
       2.338419725851e-02       2.436650590953e+04 
       2.351759366607e-02       2.430899987451e+04 
       2.365110472401e-02       2.425085302941e+04 
       2.378473283481e-02       2.419193801946e+04 
       2.391848045918e-02       2.413241031007e+04 
       2.405235011755e-02       2.407224390042e+04 
       2.418634439161e-02       2.401136456794e+04 
       2.432046592589e-02       2.394989417296e+04 
       2.445471742939e-02       2.388780907037e+04 
       2.458910167727e-02       2.382509861507e+04 
       2.472362151260e-02       2.376180984537e+04 
       2.485827984814e-02       2.369791556285e+04 
       2.499307966821e-02       2.363353005874e+04 
       2.512802403062e-02       2.356855629129e+04 
       2.526311606863e-02       2.350306869881e+04 
       2.539835899303e-02       2.343701103006e+04 
       2.553375609422e-02       2.337050728442e+04 
       2.566931074444e-02       2.330343653965e+04 
       2.580502640002e-02       2.323596107884e+04 
       2.594090660369e-02       2.316796718187e+04 
       2.607695498706e-02       2.309950879653e+04 
       2.621317527309e-02       2.303062966670e+04 
       2.634957127870e-02       2.296133090054e+04 
       2.648614691742e-02       2.289157398473e+04 
       2.662290620223e-02       2.282143388237e+04 
       2.675985324837e-02       2.275087117730e+04 
       2.689699227637e-02       2.267994666301e+04 
       2.703432761512e-02       2.260864488643e+04 
       2.717186370505e-02       2.253695323217e+04 
       2.730960510149e-02       2.246492607932e+04 
       2.744755647805e-02       2.239258126187e+04 
       2.758572263023e-02       2.231987034851e+04 
       2.772410847911e-02       2.224685211554e+04 
       2.786271907513e-02       2.217353358688e+04 
       2.800155960216e-02       2.209994403333e+04 
       2.814063538155e-02       2.202598913113e+04 
       2.827995187645e-02       2.195179048043e+04 
       2.841951469629e-02       2.187732747965e+04 
       2.855932960135e-02       2.180259662607e+04 
       2.869940250761e-02       2.172760223973e+04 
       2.883973949172e-02       2.165239032173e+04 
       2.898034679622e-02       2.157695178019e+04 
       2.912123083494e-02       2.150130544862e+04 
       2.926239819861e-02       2.142534840167e+04 
       2.940385566071e-02       2.134931345675e+04 
       2.954561018357e-02       2.127298307322e+04 
       2.968766892472e-02       2.119648459712e+04 
       2.983003924349e-02       2.111984692937e+04 
       2.997272870790e-02       2.104301121552e+04 
       3.011574510183e-02       2.096600267932e+04 
       3.025909643252e-02       2.088885590748e+04 
       3.040279093836e-02       2.081151927332e+04 
       3.054683709707e-02       2.073413872836e+04 
       3.069124363419e-02       2.065650638123e+04 
       3.083601953196e-02       2.057875855572e+04 
       3.098117403861e-02       2.050103291944e+04 
       3.112671667805e-02       2.042306111593e+04 
       3.127265726003e-02       2.034503303012e+04 
       3.141900589076e-02       2.026684280094e+04 
       3.156577298395e-02       2.018858336786e+04 
       3.171296927252e-02       2.011026420741e+04 
       3.186060582069e-02       2.003191225990e+04 
       3.200869403678e-02       1.995336481959e+04 
       3.215724568654e-02       1.987483457964e+04 
       3.230627290721e-02       1.979616880287e+04 
       3.245578822215e-02       1.971750640239e+04 
       3.260580455636e-02       1.963881059765e+04 
       3.275633525262e-02       1.955997149272e+04 
       3.290739408851e-02       1.948114474651e+04 
       3.305899529437e-02       1.940227838652e+04 
       3.321115357202e-02       1.932339527927e+04 
       3.336388411466e-02       1.924442059943e+04 
       3.351720262761e-02       1.916550032659e+04 
       3.367112535036e-02       1.908649501891e+04 
       3.382566907961e-02       1.900748849677e+04 
       3.398085119373e-02       1.892847721075e+04 
       3.413668967845e-02       1.884939204099e+04 
       3.429320315403e-02       1.877037716141e+04 
       3.445041090397e-02       1.869137641272e+04 
       3.460833290528e-02       1.861224045711e+04 
       3.476698986058e-02       1.853324726346e+04 
       3.492640323201e-02       1.845420136470e+04 
       3.508659527713e-02       1.837518826478e+04 
       3.524758908699e-02       1.829613586110e+04 
       3.540940862645e-02       1.821710156757e+04 
       3.557207877702e-02       1.813809767573e+04 
       3.573562538222e-02       1.805907082482e+04 
       3.590007529592e-02       1.798008664441e+04 
       3.606545643360e-02       1.790110158801e+04 
       3.623179782697e-02       1.782216829479e+04 
       3.639912968207e-02       1.774328421696e+04 
       3.656748344122e-02       1.766430781804e+04 
       3.673689184906e-02       1.758541591230e+04 
       3.690738902304e-02       1.750661963735e+04 
       3.707901052868e-02       1.742768234010e+04 
       3.725179346006e-02       1.734883111798e+04 
       3.742577652594e-02       1.727000435156e+04 
       3.760100014198e-02       1.719121553799e+04 
       3.777750652956e-02       1.711243373651e+04 
       3.795533982186e-02       1.703364800272e+04 
       3.813454617772e-02       1.695493183342e+04 
       3.831517390411e-02       1.687615457325e+04 
       3.849727358783e-02       1.679740348085e+04 
       3.868089823749e-02       1.671866017035e+04 
       3.886610343647e-02       1.663990881018e+04 
       3.905294750820e-02       1.656117484652e+04 
       3.924149169468e-02       1.648243686915e+04 
       3.943180034970e-02       1.640374435415e+04 
       3.962394114811e-02       1.632498284617e+04 
       3.981798531288e-02       1.624625742665e+04 
       4.001400786162e-02       1.616744198043e+04 
       4.021208787471e-02       1.608863691427e+04 
       4.041230878727e-02       1.600980518857e+04 
       4.061475870747e-02       1.593095452667e+04 
       4.081953076426e-02       1.585202784151e+04 
       4.102672348749e-02       1.577305945058e+04 
       4.123644122440e-02       1.569405667648e+04 
       4.144879459644e-02       1.561497848488e+04 
       4.166390100120e-02       1.553583211879e+04 
       4.188188516495e-02       1.545656423025e+04 
       4.210287975179e-02       1.537722074294e+04 
       4.232702603651e-02       1.529780152563e+04 
       4.255447464920e-02       1.521826081566e+04 
       4.278538640087e-02       1.513857457364e+04 
       4.301993320061e-02       1.505879413738e+04 
       4.325829907677e-02       1.497883245903e+04 
       4.350068131618e-02       1.489872058901e+04 
       4.374729173802e-02       1.481840857389e+04 
       4.399835812155e-02       1.473791878983e+04 
       4.425412581005e-02       1.465719162621e+04 
       4.451485951733e-02       1.457622227664e+04 
       4.478084536758e-02       1.449502573106e+04 
       4.505239320500e-02       1.441352541212e+04 
       4.532983921613e-02       1.433173922019e+04 
       4.561354891610e-02       1.424960375246e+04 
       4.590392055934e-02       1.416719959773e+04 
       4.620138904776e-02       1.408430648539e+04 
       4.650643042343e-02       1.400099318280e+04 
       4.681956705097e-02       1.391729028114e+04 
       4.714137361695e-02       1.383304201072e+04 
       4.747248410068e-02       1.374829898553e+04 
       4.781359990507e-02       1.366293934741e+04 
       4.816549937861e-02       1.357697599489e+04 
       4.852904901268e-02       1.349031040485e+04 
       4.890521666577e-02       1.340284727994e+04 
       4.929508725078e-02       1.331464622330e+04 
       4.969988142932e-02       1.322545590479e+04 
       5.012097799357e-02       1.313529555125e+04 
       5.055994079058e-02       1.304401009449e+04 
       5.101855126621e-02       1.295152077889e+04 
       5.149884798847e-02       1.285768810171e+04 
       5.200317486926e-02       1.276234022573e+04 
       5.253424025447e-02       1.266527753976e+04 
       5.309518961196e-02       1.256629102400e+04 
       5.368969522135e-02       1.246512993862e+04 
       5.432206704456e-02       1.236144529576e+04 
       5.499738976306e-02       1.225484336292e+04 
       5.572169162547e-02       1.214482089785e+04 
       5.650215084136e-02       1.203077638385e+04 
       5.734734391137e-02       1.191179328969e+04 
       5.826753576175e-02       1.178692377966e+04 
       5.927500057871e-02       1.165468971410e+04 
       6.038433903526e-02       1.151318537296e+04 
       6.161271304303e-02       1.135988785219e+04 
       6.297984178053e-02       1.119132245513e+04 
       6.450748683509e-02       1.100291098723e+04 
       6.621802571515e-02       1.078871625992e+04 
       6.813168259774e-02       1.054153161829e+04 
       7.026229803273e-02       1.025346042273e+04 
       7.261244013701e-02       9.917446312412e+03 
       7.516996243718e-02       9.529768293430e+03 
       7.790853112740e-02       9.092532463286e+03 
       8.079279990686e-02       8.615097865723e+03 
       8.378581555384e-02       8.113207582807e+03 
       8.685505228398e-02       7.606320700781e+03 
       8.997521235248e-02       7.114249797712e+03 
       9.312825736709e-02       6.654259110288e+03 
       9.630205971123e-02       6.239227589363e+03 
       9.948877333912e-02       5.876840292747e+03 
       1.026834450330e-01       5.569717787941e+03 
       1.058829953154e-01       5.315969130903e+03 
       1.090855275855e-01       5.110112651714e+03 
       1.122898804048e-01       4.944040929925e+03 
       1.154953449269e-01       4.808000302452e+03 
       1.187014893433e-01       4.691529359930e+03 
       1.219080508417e-01       4.584400866149e+03 
       1.251148694899e-01       4.477488255185e+03 
       1.283218479144e-01       4.363529553583e+03 
       1.315289267609e-01       4.237703643243e+03 
       1.347360697773e-01       4.097869259140e+03 
       1.379432547520e-01       3.944522614096e+03 
       1.411504680112e-01       3.780383438918e+03 
       1.443577010777e-01       3.609788234816e+03 
       1.475649486422e-01       3.437938560414e+03 
       1.507722073305e-01       3.270184600255e+03 
       1.539794749547e-01       3.111366954516e+03 
       1.571867500577e-01       2.965384640133e+03 
       1.603940316355e-01       2.834872659957e+03 
       1.636013189685e-01       2.721119087291e+03 
       1.668086115175e-01       2.624097519882e+03 
       1.700159088602e-01       2.542625067067e+03 
       1.732232106525e-01       2.474589201889e+03 
       1.764305166035e-01       2.417231637244e+03 
       1.796378264605e-01       2.367425206627e+03 
       1.828451399992e-01       2.322272553531e+03 
       1.860524570172e-01       2.279126868268e+03 
       1.892597773299e-01       2.234370055124e+03 
       1.924671007673e-01       2.186088626967e+03 
       1.956744271723e-01       2.133306616915e+03 
       1.988817563987e-01       2.075890982283e+03 
       2.020890883103e-01       2.014402457778e+03 
       2.052964227796e-01       1.949873642016e+03 
       2.085037596875e-01       1.883665072702e+03 
       2.117110989221e-01       1.817290891777e+03 
       2.149184403784e-01       1.752315410624e+03 
       2.181257839575e-01       1.690228468725e+03 
       2.213331295665e-01       1.632277052867e+03 
       2.245404771178e-01       1.579375782183e+03 
       2.277478265286e-01       1.531971547149e+03 
       2.309551777210e-01       1.490050494532e+03 
       2.341625306213e-01       1.453198723846e+03 
       2.373698851598e-01       1.420702536659e+03 
       2.405772412704e-01       1.391684316693e+03 
       2.437845988908e-01       1.365213375621e+03 
       2.469919579618e-01       1.340375200708e+03 
       2.501993184272e-01       1.316318477057e+03 
       2.534066802338e-01       1.292274167080e+03 
       2.566140433308e-01       1.267605346681e+03 
       2.598214076704e-01       1.241846478551e+03 
       2.630287732066e-01       1.214765759546e+03 
       2.662361398961e-01       1.186387269624e+03 
       2.694435076974e-01       1.156991030478e+03 
       2.726508765710e-01       1.127044380166e+03 
       2.758582464793e-01       1.097106576030e+03 
       2.790656173864e-01       1.067724588214e+03 
       2.822729892581e-01       1.039385819481e+03 
       2.854803620618e-01       1.012443210905e+03 
       2.886877357660e-01       9.871414134488e+02 
       2.918951103411e-01       9.636190155177e+02 
       2.951024857585e-01       9.419246784131e+02 
       2.983098619908e-01       9.220148657252e+02 
       3.015172390119e-01       9.037532844815e+02 
       3.047246167968e-01       8.869070078738e+02 
       3.079319953214e-01       8.711652300069e+02 
       3.111393745628e-01       8.561776034591e+02 
       3.143467544990e-01       8.416008410550e+02 
       3.175541351088e-01       8.271527750287e+02 
       3.207615163718e-01       8.126347225107e+02 
       3.239688982686e-01       7.979371918863e+02 
       3.271762807804e-01       7.830308812469e+02 
       3.303836638893e-01       7.679304477698e+02 
       3.335910475779e-01       7.526857162995e+02 
       3.367984318296e-01       7.373709057278e+02 
       3.400058166284e-01       7.220932098785e+02 
       3.432132019589e-01       7.069847972983e+02 
       3.464205878062e-01       6.921996894572e+02 
       3.496279741560e-01       6.778973921438e+02 
       3.528353609947e-01       6.642078041385e+02 
       3.560427483089e-01       6.512107521222e+02 
       3.592501360858e-01       6.389259146190e+02 
       3.624575243131e-01       6.273171663787e+02 
       3.656649129788e-01       6.163136300937e+02 
       3.688723020716e-01       6.058319623130e+02 
       3.720796915803e-01       5.957913448330e+02 
       3.752870814941e-01       5.861158280248e+02 
       3.784944718029e-01       5.767297083808e+02 
       3.817018624964e-01       5.675588992273e+02 
       3.849092535652e-01       5.585238600491e+02 
       3.881166449998e-01       5.495522896952e+02 
       3.913240367913e-01       5.405935974429e+02 
       3.945314289308e-01       5.316286178501e+02 
       3.977388214100e-01       5.226734190835e+02 
       4.009462142206e-01       5.137704032941e+02 
       4.041536073548e-01       5.049712154334e+02 
       4.073610008048e-01       4.963233736994e+02 
       4.105683945632e-01       4.878549760547e+02 
       4.137757886229e-01       4.795880483535e+02 
       4.169831829768e-01       4.715332033199e+02 
       4.201905776181e-01       4.637036688776e+02 
       4.233979725405e-01       4.561182336069e+02 
       4.266053677373e-01       4.487940594231e+02 
       4.298127632026e-01       4.417401731909e+02 
       4.330201589302e-01       4.349483915181e+02 
       4.362275549145e-01       4.283930253250e+02 
       4.394349511497e-01       4.220348405043e+02 
       4.426423476305e-01       4.158339374194e+02 
       4.458497443513e-01       4.097581848167e+02 
       4.490571413072e-01       4.037887515245e+02 
       4.522645384931e-01       3.979170709124e+02 
       4.554719359041e-01       3.921387726316e+02 
       4.586793335354e-01       3.864461957634e+02 
       4.618867313826e-01       3.808270504925e+02 
       4.650941294410e-01       3.752675124793e+02 
       4.683015277063e-01       3.697601649350e+02 
       4.715089261743e-01       3.643084905637e+02 
       4.747163248409e-01       3.589283458855e+02 
       4.779237237021e-01       3.536430442916e+02 
       4.811311227539e-01       3.484745393384e+02 
       4.843385219925e-01       3.434361364259e+02 
       4.875459214144e-01       3.385300432613e+02 
       4.907533210157e-01       3.337495994891e+02 
       4.939607207931e-01       3.290855982863e+02 
       4.971681207432e-01       3.245316948545e+02 
       5.003755208625e-01       3.200872088051e+02 
       5.035829211479e-01       3.157529512186e+02 
       5.067903215962e-01       3.115277743928e+02 
       5.099977222042e-01       3.074034399793e+02 
       5.132051229691e-01       3.033645514862e+02 
       5.164125238879e-01       2.993928475075e+02 
       5.196199249576e-01       2.954728687614e+02 
       5.228273261756e-01       2.915970961272e+02 
       5.260347275391e-01       2.877671959885e+02 
       5.292421290454e-01       2.839910559503e+02 
       5.324495306920e-01       2.802764393877e+02 
       5.356569324763e-01       2.766273929949e+02 
       5.388643343959e-01       2.730418057162e+02 
       5.420717364483e-01       2.695144271940e+02 
       5.452791386313e-01       2.660409869555e+02 
       5.484865409425e-01       2.626219237759e+02 
       5.516939433796e-01       2.592625844727e+02 
       5.549013459405e-01       2.559714979987e+02 
       5.581087486230e-01       2.527538060493e+02 
       5.613161514251e-01       2.496101131000e+02 
       5.645235543447e-01       2.465338888529e+02 
       5.677309573798e-01       2.435157868414e+02 
       5.709383605285e-01       2.405473318504e+02 
       5.741457637888e-01       2.376245014435e+02 
       5.773531671589e-01       2.347485044163e+02 
       5.805605706369e-01       2.319231314200e+02 
       5.837679742211e-01       2.291508987746e+02 
       5.869753779097e-01       2.264304037946e+02 
       5.901827817011e-01       2.237557237400e+02 
       5.933901855935e-01       2.211188417445e+02 
       5.965975895853e-01       2.185140829900e+02 
       5.998049936749e-01       2.159399254347e+02 
       6.030123978608e-01       2.134003279733e+02 
       6.062198021414e-01       2.109009877080e+02 
       6.094272065152e-01       2.084464670378e+02 
       6.126346109808e-01       2.060379951508e+02 
       6.158420155367e-01       2.036718266204e+02 
       6.190494201815e-01       2.013428492511e+02 
       6.222568249138e-01       1.990468616878e+02 
       6.254642297323e-01       1.967833233689e+02 
       6.286716346356e-01       1.945550205661e+02 
       6.318790396225e-01       1.923663503812e+02 
       6.350864446917e-01       1.902198096681e+02 
       6.382938498420e-01       1.881144712826e+02 
       6.415012550720e-01       1.860456298256e+02 
       6.447086603807e-01       1.840069480325e+02 
       6.479160657669e-01       1.819939331577e+02 
       6.511234712294e-01       1.800052659976e+02 
       6.543308767671e-01       1.780433083564e+02 
       6.575382823788e-01       1.761120754283e+02 
       6.607456880636e-01       1.742139163194e+02 
       6.639530938203e-01       1.723481285269e+02 
       6.671604996480e-01       1.705112995937e+02 
       6.703679055455e-01       1.686988006690e+02 
       6.735753115119e-01       1.669073778626e+02 
       6.767827175462e-01       1.651369725049e+02 
       6.799901236474e-01       1.633905836403e+02 
       6.831975298146e-01       1.616718751664e+02 
       6.864049360469e-01       1.599834642576e+02 
       6.896123423434e-01       1.583246152777e+02 
       6.928197487031e-01       1.566921399289e+02 
       6.960271551252e-01       1.550818058468e+02 
       6.992345616089e-01       1.534906542839e+02 
       7.024419681532e-01       1.519184188912e+02 
       7.056493747574e-01       1.503675219810e+02 
       7.088567814206e-01       1.488411052586e+02 
       7.120641881420e-01       1.473407544486e+02 
       7.152715949210e-01       1.458654651602e+02 
       7.184790017565e-01       1.444119253832e+02 
       7.216864086481e-01       1.429762754155e+02 
       7.248938155948e-01       1.415560561629e+02 
       7.281012225959e-01       1.401512613428e+02 
       7.313086296508e-01       1.387643065795e+02 
       7.345160367587e-01       1.373981370003e+02 
       7.377234439190e-01       1.360542980542e+02 
       7.409308511308e-01       1.347321079977e+02 
       7.441382583937e-01       1.334286998344e+02 
       7.473456657069e-01       1.321408585507e+02 
       7.505530730698e-01       1.308665656829e+02 
       7.537604804818e-01       1.296062047911e+02 
       7.569678879421e-01       1.283620057532e+02 
       7.601752954503e-01       1.271364484732e+02 
       7.633827030056e-01       1.259308931440e+02 
       7.665901106076e-01       1.247444682827e+02 
       7.697975182556e-01       1.235744391979e+02 
       7.730049259490e-01       1.224177721011e+02 
       7.762123336873e-01       1.212728106691e+02 
       7.794197414700e-01       1.201398334959e+02 
       7.826271492964e-01       1.190209827583e+02 
       7.858345571661e-01       1.179184904481e+02 
       7.890419650785e-01       1.168334771301e+02 
       7.922493730331e-01       1.157649031309e+02 
       7.954567810294e-01       1.147102945749e+02 
       7.986641890668e-01       1.136670908520e+02 
       8.018715971450e-01       1.126338246534e+02 
       8.050790052634e-01       1.116111082871e+02 
       8.082864134214e-01       1.106007738932e+02 
       8.114938216188e-01       1.096049517020e+02 
       8.147012298549e-01       1.086245138299e+02 
       8.179086381293e-01       1.076586079507e+02 
       8.211160464416e-01       1.067049213877e+02 
       8.243234547914e-01       1.057611115000e+02 
       8.275308631781e-01       1.048261049564e+02 
       8.307382716015e-01       1.039004460174e+02 
       8.339456800609e-01       1.029860234671e+02 
       8.371530885561e-01       1.020845483062e+02 
       8.403604970867e-01       1.011968701303e+02 
       8.435679056521e-01       1.003219210521e+02 
       8.467753142520e-01       9.945759349548e+01 
       9.608221463351e-01       7.433963354305e+01 
       1.145004577277e+00       4.935859481938e+01 
       1.425767354928e+00       2.932967451248e+01 
       1.794118968012e+00       1.684567074025e+01 
       2.258652971843e+00       9.583445519955e+00 
       2.843475605115e+00       5.411041267716e+00 
       3.579723697092e+00       3.034434711624e+00 
       4.506605129470e+00       1.691219664798e+00 
       5.673479718412e+00       9.373214510947e-01 
       7.142487790808e+00       5.168612899185e-01 
